# 64  2  0.3  1  14.6059
9.64751  14.2647  
10.8586  5.73546  
12.7497  9.53563  
3.12832  6.78888  
8.01484  2.92667  
10.3588  10.2511  
12.1026  6.74332  
5.48534  7.14486  
14.1404  10.5908  
10.5388  6.84792  
8.2713  10.387  
10.9461  11.499  
2.82361  3.90446  
13.6848  0.408727  
6.43684  9.85254  
9.31312  9.84673  
8.10256  1.73232  
12.6933  12.1304  
2.77627  13.243  
7.0467  10.7274  
9.12594  8.385  
12.4691  10.5464  
1.42487  12.4147  
8.24748  13.331  
8.68846  0.565506  
3.58417  13.8982  
14.3531  4.82362  
12.677  1.02329  
11.7837  4.88543  
2.83239  9.93273  
0.645392  2.95532  
4.47118  7.00651  
0.149413  11.6886  
5.52969  8.23451  
1.90101  0.704422  
3.97516  3.15209  
11.2576  13.0539  
3.64487  1.38033  
9.36812  11.0265  
9.8172  12.0338  
5.61042  10.6475  
1.04625  8.53632  
3.48986  10.7206  
2.52779  14.2945  
8.01633  9.3128  
8.39828  11.6316  
14.3396  3.49569  
6.35184  6.36446  
13.3098  3.24856  
13.8546  13.7868  
12.1273  3.49166  
9.74509  0.733074  
11.6001  2.29846  
1.0451  1.99398  
1.38528  10.2394  
13.6148  5.7942  
11.9978  11.4566  
12.4648  8.20918  
9.07098  4.45989  
1.63295  4.02247  
13.04  7.01108  
5.15779  9.45836  
11.4406  9.14892  
4.60569  5.78287  
