-0.640957
-0.669427
-0.712736
-0.715457
-0.70503
-0.666003
-0.713578
-0.730842
-0.703868
-0.751998
-0.705446
-0.72524
-0.751099
-0.754287
-0.807043
-0.761736
-0.713358
-0.713276
-0.731493
-0.721501
-0.792714
-0.803679
-0.817097
-0.808698
-0.819782
-0.811622
-0.75774
-0.770198
-0.761419
-0.751027
-0.767654
-0.754527
-0.715431
-0.751341
-0.715146
-0.734993
-0.700853
-0.756134
-0.702053
-0.677924
-0.637135
-0.607918
-0.614669
-0.707299
-0.707219
-0.60075
-0.714557
-0.677904
-0.65406
-0.695877
-0.654403
-0.698052
-0.762268
-0.830057
-0.767212
-0.709666
-0.741376
-0.788529
-0.750352
-0.79524
-0.824832
-0.727395
-0.803958
-0.757711
-0.790956
-0.808296
-0.804334
-0.779431
-0.766295
-0.704671
-0.677287
-0.740223
-0.706853
-0.744521
-0.731661
-0.674153
-0.711875
-0.72832
-0.733156
-0.753232
-0.737111
-0.718244
-0.719126
-0.720344
-0.795272
-0.722732
-0.738469
-0.75265
-0.826574
-0.77337
-0.761895
-0.756813
-0.776057
-0.704934
-0.710746
-0.703514
-0.683928
-0.721611
-0.736014
-0.795504
-0.797886
-0.739491
-0.785238
-0.766774
-0.739423
-0.771861
-0.737671
-0.730332
-0.772584
-0.814223
-0.807234
-0.742974
-0.724608
-0.762636
-0.748945
-0.731892
-0.740693
-0.803053
-0.801217
-0.816655
-0.787049
-0.767264
-0.75438
-0.809805
-0.724798
-0.686335
-0.743011
-0.708903
-0.685727
-0.690452
-0.637679
-0.614285
-0.628519
-0.661499
-0.743946
-0.815038
-0.794012
-0.82932
-0.763289
-0.745174
-0.809707
-0.768112
-0.735793
-0.768275
-0.799141
-0.774701
-0.756149
-0.802773
-0.783372
-0.781012
-0.743756
-0.802214
-0.771069
-0.78032
-0.752632
-0.786821
-0.726611
-0.786273
-0.84697
-0.7781
-0.833441
-0.827092
-0.731424
-0.804324
-0.780396
-0.738617
-0.79386
-0.755027
-0.793731
-0.752102
-0.789725
-0.707834
-0.792611
-0.810392
-0.757497
-0.759708
-0.717164
-0.741074
-0.700055
-0.792343
-0.749562
-0.625708
-0.675726
-0.73867
-0.754451
-0.827492
-0.761626
-0.766868
-0.722226
-0.74657
-0.636743
-0.695446
-0.69275
-0.747224
-0.695113
-0.723856
-0.766097
-0.679686
-0.714696
-0.750967
-0.764574
-0.783053
-0.741856
-0.729992
-0.82006
-0.785438
-0.738255
-0.725693
-0.704753
-0.736235
-0.689967
-0.663402
-0.646198
-0.673672
-0.654335
-0.688281
-0.721573
-0.738757
-0.677335
-0.779039
-0.721061
-0.767393
-0.737768
-0.803498
-0.741366
-0.708501
-0.767993
-0.740555
-0.810784
-0.812808
-0.814143
-0.774426
-0.818822
-0.766909
-0.808401
-0.828768
-0.837916
-0.804681
-0.814232
-0.715741
-0.743763
-0.778422
-0.768471
-0.76129
-0.662629
-0.745954
-0.842978
-0.833165
-0.709995
-0.714223
-0.726342
-0.715412
-0.703779
-0.619858
-0.627914
-0.634842
-0.559709
-0.727435
-0.752512
-0.767723
-0.815252
-0.726697
-0.781063
-0.814685
-0.773288
-0.7455
-0.766197
-0.735898
-0.68593
-0.660582
-0.774063
-0.816642
-0.726108
-0.756063
-0.74602
-0.731968
-0.7221
-0.739687
-0.81081
-0.748652
-0.735593
-0.703286
-0.674089
-0.789818
-0.790506
-0.818013
-0.794566
-0.662291
-0.730997
-0.750576
-0.747155
-0.756602
-0.809261
-0.783962
-0.759525
-0.78147
-0.771024
-0.804895
-0.788885
-0.727312
-0.74744
-0.715332
-0.817042
-0.752855
-0.765175
-0.66786
-0.701227
-0.722779
-0.747378
-0.672036
-0.710587
-0.730828
-0.73605
-0.739605
-0.722041
-0.693476
-0.72238
-0.763003
-0.669779
-0.745585
-0.719846
-0.669461
-0.723341
-0.707466
-0.690497
-0.652623
-0.695534
-0.700995
-0.751735
-0.724684
-0.721663
-0.69887
-0.689154
-0.733153
-0.688371
-0.621606
-0.60409
-0.74752
-0.698669
-0.717294
-0.70483
-0.658039
-0.753975
-0.777768
-0.816893
-0.768991
-0.721095
-0.653305
-0.596753
-0.669964
-0.673754
-0.702119
-0.686161
-0.711152
-0.737111
-0.7747
-0.798758
-0.757702
-0.751745
-0.797612
-0.870787
-0.889381
-0.842682
-0.781308
-0.786834
-0.784939
-0.821629
-0.854794
-0.870339
-0.859811
-0.831896
-0.837295
-0.820044
-0.832984
-0.829413
-0.756087
-0.713651
-0.743286
-0.844369
-0.77649
-0.806016
-0.749776
-0.780481
-0.770266
-0.739552
-0.76726
-0.735079
-0.783683
-0.697322
-0.718886
-0.739826
-0.662592
-0.742481
-0.794442
-0.739879
-0.771829
-0.711751
-0.779992
-0.809231
-0.7376
-0.680549
-0.73955
-0.746315
-0.752184
-0.736797
-0.71784
-0.789919
-0.777642
-0.660934
-0.727356
-0.744723
-0.70545
-0.72291
-0.753326
-0.73709
-0.757947
-0.718691
-0.763418
-0.755725
-0.737996
-0.830599
-0.835718
-0.86602
-0.840284
-0.876303
-0.862065
-0.822021
-0.804961
-0.819954
-0.879557
-0.875131
-0.880517
-0.866821
-0.871022
-0.883307
-0.858888
-0.864483
-0.812537
-0.860932
-0.819174
-0.809206
-0.771208
-0.770504
-0.748954
-0.790441
-0.763227
-0.813279
-0.808897
-0.820412
-0.793246
-0.743125
-0.703711
-0.766145
-0.79608
-0.682114
-0.794068
-0.819771
-0.829029
-0.806995
-0.820195
-0.802064
-0.830377
-0.814238
-0.805029
-0.794664
-0.828511
-0.840576
-0.826807
-0.793517
-0.799048
-0.807312
-0.7636
-0.760553
-0.793521
-0.670049
-0.724342
-0.715706
-0.823873
-0.809123
-0.800596
-0.777278
-0.834259
-0.829035
-0.900289
-0.807627
-0.840225
-0.894149
-0.870214
-0.875766
-0.87375
-0.860341
-0.814581
-0.771912
-0.736984
-0.753056
-0.750554
-0.792263
-0.811797
-0.812224
-0.799826
-0.80203
-0.802896
-0.845963
-0.873884
-0.889108
-0.873419
-0.87301
-0.909352
-0.852058
-0.809528
-0.823803
-0.778628
-0.784795
-0.831903
-0.773609
-0.775748
-0.759664
-0.732533
-0.744154
-0.792301
-0.843177
-0.766301
-0.787858
-0.800767
-0.821083
-0.843887
-0.828465
-0.825077
-0.851617
-0.801097
-0.83375
-0.719283
-0.773991
-0.728697
-0.764896
-0.689673
-0.745237
-0.788725
-0.78451
-0.854448
-0.805383
-0.801233
-0.829097
-0.793179
-0.814854
-0.751339
-0.82596
-0.763698
-0.77818
-0.803871
-0.79179
-0.838034
-0.811656
-0.748857
-0.759231
-0.686353
-0.739433
-0.716245
-0.798777
-0.800519
-0.748449
-0.757649
-0.781096
-0.745034
-0.751756
-0.645617
-0.659454
-0.665454
-0.647805
-0.650715
-0.650583
-0.699823
-0.705934
-0.671947
-0.718389
-0.692811
-0.722416
-0.760763
-0.776622
-0.740655
-0.726919
-0.767512
-0.754271
-0.71516
-0.788572
-0.831375
-0.851049
-0.837007
-0.824101
-0.742714
-0.755656
-0.760393
-0.795696
-0.865998
-0.892648
-0.907072
-0.953288
-0.912432
-0.87792
-0.891103
-0.874919
-0.818667
-0.857005
-0.834458
-0.767372
-0.808139
-0.816805
-0.785346
-0.756942
-0.807747
-0.795947
-0.738273
-0.790684
-0.838099
-0.836663
-0.863524
-0.880929
-0.910009
-0.864459
-0.847433
-0.852694
-0.827116
-0.908808
-0.917697
-0.913848
-0.884312
-0.913843
-0.937748
-0.973476
-0.968573
-0.954998
-0.932173
-0.878624
-0.811026
-0.787283
-0.815688
-0.808452
-0.861076
-0.825666
-0.741153
-0.799019
-0.82134
-0.798445
-0.850526
-0.754267
-0.699916
-0.772356
-0.750991
-0.827896
-0.779864
-0.830768
-0.807141
-0.82273
-0.815276
-0.758998
-0.808155
-0.786872
-0.766345
-0.764433
-0.753895
-0.73806
-0.713295
-0.738438
-0.75083
-0.72082
-0.781552
-0.879916
-0.858636
-0.786614
-0.845001
-0.887183
-0.857104
-0.80417
-0.817452
-0.766614
-0.749547
-0.747039
-0.781969
-0.793341
-0.756377
-0.754314
-0.782058
-0.791172
-0.79678
-0.763434
-0.741475
-0.708265
-0.720525
-0.768176
-0.784678
-0.733155
-0.755388
-0.882773
-0.738025
-0.785847
-0.73026
-0.811072
-0.801243
-0.725041
-0.772408
-0.742947
-0.713345
-0.743181
-0.788233
-0.739847
-0.785588
-0.761081
-0.64838
-0.687961
-0.720911
-0.755712
-0.802686
-0.79274
-0.770359
-0.780125
-0.726654
-0.69459
-0.691248
-0.744438
-0.789449
-0.764553
-0.789511
-0.821194
-0.822103
-0.791582
-0.799433
-0.841363
-0.833788
-0.757936
-0.78781
-0.751321
-0.786105
-0.778737
-0.732302
-0.789351
-0.75768
-0.828438
-0.84663
-0.828808
-0.890033
-0.9343
-0.958108
-1.00664
-0.993062
-0.933724
-0.923785
-0.907361
-0.963302
-0.920133
-0.868883
-0.855073
-0.890785
-0.905556
-0.863876
-0.890866
-0.903187
-0.892877
-0.893445
-0.828869
-0.892259
-0.869286
-0.888266
-0.841158
-0.883121
-0.851432
-0.922678
-0.871336
-0.734097
-0.71588
-0.819186
-0.817217
-0.775164
-0.804427
-0.798642
-0.737035
-0.836291
-0.83303
-0.903938
-0.922708
-0.898921
-0.874318
-0.944416
-0.953713
-0.973065
-0.921421
-0.924168
-0.977274
-0.983623
-0.833855
-0.795295
-0.854998
-0.829468
-0.839443
-0.818273
-0.839589
-0.874957
-0.81429
-0.850766
-0.864073
-0.934115
-0.928839
-0.837514
-0.893373
-0.834634
-0.678581
-0.810826
-0.833934
-0.771627
-0.798114
-0.79339
-0.859744
-0.902254
-0.848551
-0.82811
-0.853493
-0.818224
-0.81731
-0.793086
-0.817745
-0.835635
-0.759563
-0.776932
-0.785433
-0.778376
-0.747223
-0.751262
-0.78252
-0.842292
-0.816448
-0.810455
-0.815116
-0.923342
-0.926908
-0.843476
-0.799435
-0.794507
-0.805323
-0.85831
-0.821533
-0.811576
-0.792824
-0.764611
-0.787102
-0.813662
-0.830222
-0.83104
-0.751844
-0.840367
-0.813972
-0.805203
-0.69028
-0.756037
-0.811496
-0.78693
-0.878316
-0.851924
-0.826945
-0.818177
-0.828564
-0.726452
-0.853537
-0.772447
-0.873711
-0.804541
-0.807724
-0.868774
-0.844992
-0.781508
-0.830083
-0.840842
-0.831297
-0.800962
-0.824158
-0.8017
-0.688026
-0.733434
-0.76437
-0.745244
-0.846589
-0.854987
-0.838031
-0.764793
-0.797227
-0.841935
-0.839781
-0.78517
-0.800775
-0.842048
-0.809814
-0.853968
-0.832969
-0.830587
-0.828769
-0.787111
-0.822372
-0.860027
-0.809406
-0.812552
-0.804833
-0.857762
-0.837702
-0.832274
-0.823949
-0.840784
-0.891479
-0.912115
-0.84839
-0.895281
-0.868691
-0.870519
-0.870617
-0.876133
-0.846568
-0.791643
-0.871774
-0.863953
-0.821373
-0.799416
-0.821779
-0.876018
-0.954096
-0.960285
-0.914261
-0.848959
-0.866137
-0.877723
-0.823053
-0.815035
-0.871671
-0.878939
-0.798439
-0.797052
-0.900202
-0.86737
-0.86942
-0.883475
-0.833581
-0.810885
-0.88566
-0.721805
-0.825243
-0.769263
-0.852891
-0.78852
-0.764643
-0.791836
-0.801452
-0.700071
-0.703722
-0.764737
-0.846782
-0.905822
-0.795451
-0.803674
-0.775375
-0.854768
-0.835537
-0.840344
-0.946124
-0.957546
-0.987959
-0.94953
-0.949732
-0.835147
-0.857416
-0.824575
-0.871806
-0.817603
-0.914905
-0.86554
-0.914893
-0.973811
-0.937092
-0.829524
-0.788588
-0.848625
-0.832465
-0.875041
-0.862718
-0.844072
-0.882019
-0.993992
-0.999185
-0.924627
-0.930242
-0.976925
-0.965836
-0.991962
-1.00079
-0.958911
-0.960098
-0.952061
-0.951937
-0.973777
-1.00297
-0.967699
-0.975931
-0.92455
-0.968153
-0.952939
-0.968489
-0.996956
-0.990494
-0.932166
-0.935261
-0.947695
-0.890579
-0.794703
-0.79217
-0.839428
-0.865726
-0.889912
-0.897078
-0.85782
-0.857448
-0.896409
-0.882157
-0.889912
-0.883806
-0.844615
-0.910084
-0.889193
-0.86599
-0.905922
-0.909233
-0.901395
-0.921308
-0.833265
-0.851949
-0.856219
-0.929306
-0.886663
-0.859487
-0.840679
-0.770615
-0.85257
-0.84273
-0.838977
-0.786794
-0.801582
-0.83439
-0.824631
-0.795611
-0.799566
-0.827343
-0.79675
-0.87794
-0.895661
-0.874946
-0.857109
-0.811547
-0.811664
-0.706522
-0.749365
-0.742296
-0.817552
-0.842953
-0.828046
-0.82242
-0.843303
-0.832426
-0.829202
-0.801889
-0.865599
-0.807544
-0.7676
-0.857037
-0.865076
-0.850401
-0.854722
-0.796147
-0.797709
-0.758163
-0.844651
-0.788532
-0.810744
-0.879069
-0.889467
-0.850281
-0.834072
-0.845389
-0.795896
-0.837882
-0.80935
-0.799935
-0.889942
-0.833158
-0.821163
-0.936962
-0.881965
-0.899869
-0.918147
-0.870335
-0.877722
-0.910859
-0.893687
-0.953329
-0.908351
-0.844822
-0.829324
-0.807704
-0.699111
-0.746266
-0.774551
-0.69094
-0.694656
-0.765869
-0.864035
-0.824406
-0.759788
-0.875531
-0.902475
-0.87352
-0.875542
-0.900211
-0.913251
-0.875963
-0.832367
-0.874313
-0.864312
-0.897567
-0.794931
-0.793629
-0.806436
-0.737082
-0.787319
-0.725992
-0.786391
-0.826992
-0.770361
-0.760033
-0.829039
-0.765117
-0.779885
-0.731669
-0.769939
-0.782413
-0.834301
-0.900407
-0.871547
-0.896819
-0.948232
-0.885951
-0.844732
-0.836332
-0.901325
-0.852538
-0.784773
-0.828863
-0.852649
-0.879219
-0.895481
-0.828108
-0.854717
-0.848675
-0.883696
-0.788005
-0.774762
-0.797959
-0.863245
-0.899814
-0.865911
-0.875031
-0.873675
-0.858256
-0.872265
-0.907025
-0.850048
-0.8408
-0.776839
-0.772717
-0.798943
-0.827221
-0.866486
-0.830155
-0.87246
-0.87397
-0.863999
-0.847602
-0.831194
-0.858641
-0.780436
-0.839605
-0.79691
-0.858373
-0.836567
-0.882959
-0.924604
-0.920466
-0.914532
-0.924841
-0.885806
-0.839239
-0.74603
-0.859206
-0.823008
-0.806819
-0.812478
-0.794492
-0.81102
-0.851403
-0.809006
-0.876319
-0.841665
-0.802129
-0.870754
-0.899818
-0.886357
-0.860979
-0.891688
-0.820576
-0.839589
-0.890269
-0.85038
-0.766291
-0.865027
-0.777463
-0.724966
-0.770795
-0.785908
-0.743141
-0.773574
-0.814351
-0.782078
-0.816399
-0.838339
-0.968995
-0.933608
-0.910972
-0.871502
-0.837556
-0.773565
-0.780002
-0.766276
-0.806209
-0.841494
-0.845517
-0.895657
-0.823391
-0.963364
-0.920428
-0.86161
-0.849509
-0.89479
-0.842529
-0.901693
-0.864768
-0.843851
-0.893576
-0.830662
-0.877811
-0.86878
-0.839207
-0.875317
-0.860032
-0.82932
-0.880122
-0.891379
-0.858426
-0.849102
-0.822184
-0.88709
-0.88943
-0.875096
-0.861679
-0.879461
-0.873073
-0.869243
-0.860484
-0.824517
-0.79116
-0.707482
-0.773832
-0.776544
-0.740857
-0.790781
-0.775669
-0.786992
-0.749601
-0.824913
-0.803455
-0.836336
-0.894737
-0.912137
-0.740733
-0.806953
-0.76647
-0.851699
-0.842459
-0.81238
-0.836423
-0.833435
-0.813885
-0.808217
-0.713283
-0.854904
-0.784638
-0.8756
-0.879525
-0.876572
-0.916147
-0.839533
-0.896804
-0.862252
-0.83328
-0.874738
-0.760706
-0.910849
-0.864265
-0.857116
-0.862859
-0.837022
-0.833496
-0.904236
-0.906962
-0.834488
-0.785264
-0.869924
-0.787627
-0.805194
-0.848361
-0.805185
-0.866246
-0.803513
-0.835903
-0.86902
-0.829198
-0.855788
-0.84109
-0.861937
-0.921156
-0.92384
-0.891437
-0.810685
-0.885895
-0.87645
-0.849692
-0.900783
-0.82127
-0.882837
-0.898089
-0.922574
-0.893758
-0.883399
-0.937042
-0.91716
-0.862379
-0.868439
-0.92232
-0.941932
-0.952616
-0.924102
-0.842458
-0.838682
-0.887938
-1.00966
-0.986532
-0.982537
-0.959659
-0.874838
-0.825109
-0.877654
-0.848362
-0.78341
-0.802991
-0.806521
-0.765623
-0.807226
-0.861586
-0.859418
-0.815955
-0.838359
-0.783084
-0.803173
-0.841494
-0.796721
-0.864018
-0.862972
-0.861688
-0.868831
-0.881089
-0.819563
-0.833711
-0.917397
-0.973584
-0.958265
-0.927312
-0.940926
-0.918828
-0.918418
-0.80682
-0.830029
-0.844935
-0.835475
-0.890465
-0.864876
-0.794635
-0.86118
-0.825607
-0.862136
-0.815395
-0.885321
-0.795583
-0.870165
-0.825057
-0.846156
-0.901905
-0.838405
-0.844104
-0.86164
-0.81736
-0.867116
-0.861455
-0.824747
-0.793962
-0.777124
-0.822055
-0.817967
-0.824523
-0.831016
-0.848957
-0.797258
-0.760452
-0.823575
-0.803417
-0.726664
-0.762461
-0.765729
-0.70353
-0.720296
-0.873588
-0.817621
-0.882443
-0.940804
-0.892795
-0.957268
-0.93717
-0.880392
-0.952868
-0.918589
-0.923074
-0.873342
-0.944854
-0.973558
-0.903435
-0.966777
-0.759962
-0.82009
-0.840954
-0.849204
-0.893711
-0.877166
-0.829989
-0.814413
-0.829833
-0.774214
-0.797964
-0.781428
-0.838303
-0.741933
-0.739961
-0.730355
-0.769099
-0.798382
-0.771537
-0.79985
-0.774585
-0.701191
-0.691605
-0.760278
-0.779403
-0.746781
-0.717463
-0.605807
-0.740265
-0.827471
-0.814934
-0.786374
-0.803182
-0.808906
-0.787255
-0.842822
-0.789697
-0.794285
-0.837341
-0.833224
-0.78294
-0.817614
-0.823766
-0.854288
-0.793689
-0.66136
-0.716849
-0.798896
-0.796365
-0.758594
-0.657818
-0.714382
-0.657719
-0.69296
-0.798283
-0.757793
-0.741832
-0.824514
-0.820325
-0.849498
-0.861378
-0.82837
-0.85552
-0.854235
-0.883969
-0.917408
-0.892328
-0.889228
-0.862423
-0.912031
-0.934591
-0.998573
-0.848985
-0.913731
-0.934441
-0.901967
-0.844193
-0.819338
-0.912192
-0.931641
-0.748824
-0.77421
-0.778856
-0.751343
-0.742514
-0.819929
-0.892993
-0.896019
-0.88905
-0.852457
-0.871914
-0.920665
-0.88104
-0.853644
-0.849163
-0.867046
-0.944756
-0.946079
-0.949866
-0.889031
-0.932566
-0.913431
-0.90896
-0.874237
-0.776598
-0.602885
-0.709521
-0.694801
-0.800444
-0.843084
-0.816569
-0.921101
-0.899148
-0.861275
-0.848565
-0.857075
-0.812024
-0.840812
-0.837239
-0.841388
-0.799551
-0.862436
-0.813421
-0.846449
-0.843744
-0.87552
-0.7805
-0.803269
-0.780446
-0.760065
-0.764748
-0.693586
-0.668028
-0.719602
-0.721124
-0.808012
-0.812207
-0.820849
-0.795189
-0.793615
-0.851079
-0.805368
-0.853434
-0.922578
-0.83844
-0.882568
-0.896272
-0.834568
-0.898866
-0.903867
-0.848685
-0.834527
-0.838724
-0.891077
-0.875864
-0.891553
-0.945547
-0.992142
-0.948293
-0.905606
-0.898178
-0.875709
-0.793127
-0.872514
-0.864044
-0.904404
-0.883652
-0.824427
-0.833627
-0.818694
-0.883223
-0.844718
-0.769942
-0.773175
-0.838311
-0.880141
-0.850959
-0.917023
-0.810647
-0.861099
-0.8561
-0.812562
-0.922139
-0.832111
-0.860681
-0.869524
-0.809192
-0.847191
-0.806557
-0.730469
-0.751848
-0.836536
-0.851724
-0.824544
-0.814012
-0.79849
-0.822687
-0.871165
-0.880755
-0.796243
-0.792356
-0.801502
-0.837765
-0.759819
-0.836371
-0.885525
-0.897559
-0.81403
-0.83505
-0.880337
-0.906541
-0.893823
-0.807157
-0.866938
-0.842342
-0.764244
-0.809169
-0.886749
-0.795568
-0.823508
-0.833448
-0.76039
-0.772401
-0.768124
-0.824889
-0.801214
-0.750428
-0.836828
-0.864451
-0.832505
-0.819395
-0.77802
-0.66849
-0.794425
-0.789954
-0.706916
-0.749468
-0.84688
-0.926812
-0.833073
-0.792833
-0.800339
-0.832616
-0.792167
-0.832292
-0.774681
-0.834
-0.804954
-0.748915
-0.804401
-0.733639
-0.767685
-0.802607
-0.85785
-0.861821
-0.833435
-0.842072
-0.83238
-0.745931
-0.851892
-0.818475
-0.840382
-0.855751
-0.863209
-0.80216
-0.769228
-0.873607
-0.783852
-0.831549
-0.855091
-0.872907
-0.925149
-0.92736
-0.88811
-0.833636
-0.872826
-0.908529
-0.955942
-0.939661
-0.913158
-0.943249
-0.940482
-0.955431
-0.925097
-0.896001
-0.848275
-0.887564
-0.771938
-0.758464
-0.783645
-0.852428
-0.78877
-0.783038
-0.793236
-0.709317
-0.729659
-0.763103
-0.754323
-0.753305
-0.765299
-0.819915
-0.869481
-0.749959
-0.699288
-0.782111
-0.734174
-0.731768
-0.846097
-0.796877
-0.82635
-0.74013
-0.814793
-0.745048
-0.707202
-0.75833
-0.750091
-0.831896
-0.731546
-0.776181
-0.791938
-0.776421
-0.809138
-0.806086
-0.77356
-0.79216
-0.745993
-0.855933
-0.81155
-0.760308
-0.731844
-0.759599
-0.807623
-0.748552
-0.801015
-0.76851
-0.759852
-0.83455
-0.864671
-0.850248
-0.81108
-0.880206
-0.783098
-0.798803
-0.771861
-0.843492
-0.749316
-0.759655
-0.785317
-0.782642
-0.787835
-0.84863
-0.853161
-0.798669
-0.845066
-0.878681
-0.762254
-0.791035
-0.774136
-0.807106
-0.820092
-0.824348
-0.743896
-0.785603
-0.826982
-0.804262
-0.762782
-0.811678
-0.826603
-0.803814
-0.767656
-0.72416
-0.762276
-0.813317
-0.818859
-0.737475
-0.740906
-0.767258
-0.789555
-0.76198
-0.837347
-0.81612
-0.830466
-0.789375
-0.791822
-0.736349
-0.762769
-0.750211
-0.731857
-0.753289
-0.784452
-0.739546
-0.736707
-0.771798
-0.787194
-0.718649
-0.76464
-0.78505
-0.719992
-0.813775
-0.78343
-0.773455
-0.783116
-0.702649
-0.757227
-0.759278
-0.787546
-0.798255
-0.759607
-0.71167
-0.77679
-0.754446
-0.738368
-0.771749
-0.692408
-0.79135
-0.785573
-0.851176
-0.730378
-0.769858
-0.762843
-0.814742
-0.873077
-0.828716
-0.89647
-0.848214
-0.843004
-0.766605
-0.828101
-0.793039
-0.76847
-0.755266
-0.820262
-0.853965
-0.844592
-0.879817
-0.797075
-0.765651
-0.817981
-0.808363
-0.788793
-0.76657
-0.728631
-0.772158
-0.720547
-0.811092
-0.841952
-0.854072
-0.824266
-0.785977
-0.79481
-0.791339
-0.843427
-0.843347
-0.859604
-0.867586
-0.832363
-0.76004
-0.861786
-0.85063
-0.831197
-0.849455
-0.856927
-0.868628
-0.849209
-0.875833
-0.862279
-0.860907
-0.83222
-0.732246
-0.761455
-0.796698
-0.858583
-0.863852
-0.809862
-0.789499
-0.853847
-0.812266
-0.741131
-0.861979
-0.78127
-0.832301
-0.807897
-0.830401
-0.84762
-0.775588
-0.756452
-0.856775
-0.767018
-0.860034
-0.727542
-0.815087
-0.921082
-0.952933
-0.919621
-0.930007
-0.936838
-0.918895
-0.899967
-0.917096
-0.895586
-0.903398
-0.813898
-0.794529
-0.808544
-0.790992
-0.793887
-0.847959
-0.780157
-0.786588
-0.722916
-0.857568
-0.864002
-0.878315
-0.863504
-0.889648
-0.86883
-0.902709
-0.818271
-0.777166
-0.761069
-0.77875
-0.783284
-0.761501
-0.692522
-0.723169
-0.729359
-0.722839
-0.742347
-0.794691
-0.782247
-0.803819
-0.779905
-0.741536
-0.678693
-0.721015
-0.728587
-0.725294
-0.752083
-0.769732
-0.793361
-0.754468
-0.721725
-0.723847
-0.661766
-0.733871
-0.740846
-0.74835
-0.749095
-0.736258
-0.724354
-0.6799
-0.740648
-0.768538
-0.68643
-0.692967
-0.70776
-0.68004
-0.665172
-0.671692
-0.763124
-0.729282
-0.729545
-0.769909
-0.702986
-0.770444
-0.75566
-0.7711
-0.749418
-0.783047
-0.778291
-0.80336
-0.764763
-0.744126
-0.689544
-0.671376
-0.707442
-0.739742
-0.732876
-0.74677
-0.689482
-0.714253
-0.75944
-0.724333
-0.650714
-0.687719
-0.69301
-0.719016
-0.720482
-0.745578
-0.78711
-0.805035
-0.849572
-0.818955
-0.83021
-0.832479
-0.806146
-0.805888
-0.786034
-0.836814
-0.797554
-0.79229
-0.825379
-0.830075
-0.817448
-0.806697
-0.735117
-0.687716
-0.74545
-0.751178
-0.774991
-0.762815
-0.804259
-0.763397
-0.790763
-0.711112
-0.728928
-0.759944
-0.714403
-0.768292
-0.709463
-0.79869
-0.774409
-0.770539
-0.789123
-0.751532
-0.800857
-0.835437
-0.835278
-0.809224
-0.743898
-0.696739
-0.673512
-0.694832
-0.716553
-0.75724
-0.719143
-0.71888
-0.740068
-0.785796
-0.770837
-0.745721
-0.67745
-0.677527
-0.639983
-0.740172
-0.814772
-0.80424
-0.756426
-0.765616
-0.718456
-0.770387
-0.735084
-0.72789
-0.769921
-0.756069
-0.722055
-0.732269
-0.666508
-0.70517
-0.724262
-0.784664
-0.798607
-0.811491
-0.852789
-0.762191
-0.749199
-0.807855
-0.803681
-0.809466
-0.807785
-0.775119
-0.880639
-0.889593
-0.830311
-0.864241
-0.84372
-0.886212
-0.818081
-0.795047
-0.761661
-0.761217
-0.759425
-0.7278
-0.740005
-0.796825
-0.778602
-0.733047
-0.768497
-0.738259
-0.757049
-0.828034
-0.823269
-0.842085
-0.838987
-0.822939
-0.787175
-0.73589
-0.712894
-0.798105
-0.78024
-0.70058
-0.692889
-0.72996
-0.674275
-0.721914
-0.769181
-0.715457
-0.717482
-0.708419
-0.739062
-0.720842
-0.753642
-0.731134
-0.726737
-0.675161
-0.705697
-0.678329
-0.679385
-0.733966
-0.703651
-0.758725
-0.71938
-0.734756
-0.777368
-0.780026
-0.826637
-0.829362
-0.81889
-0.771745
-0.822766
-0.758488
-0.783524
-0.71754
-0.769635
-0.810005
-0.84527
-0.855663
-0.915804
-0.876707
-0.919483
-0.904011
-0.898646
-0.842814
-0.821884
-0.733999
-0.801238
-0.847762
-0.865361
-0.868707
-0.820834
-0.891492
-0.891849
-0.950326
-0.957802
-0.931259
-0.904943
-0.916805
-0.858239
-0.894926
-0.924854
-0.921844
-0.828473
-0.823652
-0.843366
-0.903457
-0.872269
-0.853853
-0.882713
-0.906878
-0.857641
-0.79664
-0.851919
-0.913597
-0.878746
-0.812714
-0.859371
-0.793661
-0.846255
-0.812161
-0.884532
-0.845658
-0.887049
-0.843073
-0.865444
-0.922997
-0.913192
-0.930283
-0.893919
-0.900217
-0.926092
-0.889441
-0.895504
-0.977486
-0.884556
-0.877798
-0.818601
-0.803041
-0.855594
-0.880534
-0.874211
-0.816235
-0.831437
-0.825046
-0.819084
-0.837442
-0.856537
-0.875082
-0.893878
-0.738616
-0.868946
-0.854612
-0.856241
-0.862025
-0.817897
-0.841162
-0.82824
-0.864624
-0.873803
-0.789374
-0.911435
-0.884566
-0.938216
-0.915733
-0.922328
-0.94191
-0.9298
-0.88554
-0.857767
-0.88319
-0.769858
-0.841453
-0.785122
-0.773847
-0.777904
-0.84637
-0.886683
-0.86805
-0.816596
-0.801269
-0.772274
-0.814611
-0.720009
-0.734948
-0.729259
-0.725712
-0.739891
-0.775386
-0.717438
-0.692938
-0.702531
-0.714654
-0.673861
-0.646862
-0.700453
-0.743467
-0.721465
-0.833733
-0.803484
-0.792722
-0.835129
-0.867578
-0.81083
-0.840808
-0.798631
-0.740056
-0.796965
-0.779729
-0.775159
-0.824526
-0.811219
-0.835553
-0.834553
-0.81174
-0.784064
-0.778498
-0.833459
-0.815131
-0.830116
-0.830866
-0.853464
-0.770635
-0.767353
-0.725652
-0.689939
-0.717978
-0.78386
-0.81742
-0.761368
-0.729637
-0.752629
-0.79347
-0.790123
-0.763069
-0.731726
-0.763669
-0.771247
-0.764146
-0.80688
-0.829196
-0.794755
-0.817256
-0.796595
-0.853783
-0.855409
-0.862936
-0.875029
-0.815487
-0.82229
-0.795585
-0.813013
-0.763604
-0.753512
-0.82031
-0.82579
-0.765001
-0.765664
-0.679827
-0.661857
-0.636991
-0.813821
-0.763105
-0.75007
-0.763808
-0.828146
-0.793892
-0.804558
-0.80732
-0.799326
-0.765695
-0.788446
-0.831046
-0.801548
-0.740056
-0.71774
-0.809995
-0.775335
-0.682854
-0.748189
-0.76907
-0.828603
-0.779662
-0.844427
-0.779003
-0.739829
-0.759059
-0.7404
-0.746327
-0.837843
-0.872097
-0.812306
-0.82524
-0.943249
-0.931852
-0.952349
-0.928026
-0.960938
-0.934179
-0.955652
-0.681442
-0.804822
-0.783597
-0.848778
-0.821179
-0.751804
-0.782375
-0.822181
-0.843281
-0.892121
-0.925921
-0.943215
-0.913304
-0.910219
-0.91853
-0.927536
-0.943943
-0.921965
-0.880633
-0.874844
-0.900384
-0.937186
-0.960304
-0.987454
-0.988362
-0.987499
-1.04846
-0.934571
-0.921891
-0.886073
-0.941347
-0.982885
-0.976303
-0.9876
-0.940231
-0.980754
-0.975364
-0.956666
-0.961657
-0.92296
-0.907612
-0.956357
-0.873778
-0.882462
-0.926861
-0.861321
-0.865902
-0.794046
-0.840744
-0.790665
-0.738255
-0.820528
-0.860802
-0.777009
-0.816685
-0.839752
-0.848162
-0.838785
-0.866404
-0.871523
-0.892187
-0.788457
-0.804051
-0.810493
-0.757251
-0.819063
-0.84229
-0.835244
-0.860416
-0.717522
-0.764633
-0.79777
-0.66743
-0.764788
-0.80724
-0.840684
-0.789614
-0.837579
-0.813166
-0.786161
-0.744488
-0.743804
-0.725184
-0.736425
-0.721742
-0.743768
-0.767463
-0.797378
-0.772822
-0.848787
-0.841438
-0.796872
-0.800161
-0.810634
-0.84628
-0.861225
-0.827005
-0.805913
-0.804908
-0.809168
-0.803614
-0.762348
-0.776172
-0.765071
-0.732418
-0.738933
-0.740305
-0.781711
-0.744386
-0.761246
-0.771195
-0.752544
-0.73739
-0.702046
-0.745665
-0.754479
-0.725082
-0.756179
-0.738256
-0.723616
-0.725644
-0.718145
-0.749851
-0.734776
-0.776274
-0.741294
-0.768225
-0.823454
-0.809554
-0.768
-0.751303
-0.753349
-0.699051
-0.783532
-0.711128
-0.762761
-0.743302
-0.745969
-0.759438
-0.800357
-0.813081
-0.724297
-0.716409
-0.729443
-0.718565
-0.682089
-0.703504
-0.747144
-0.686482
-0.797772
-0.770888
-0.762357
-0.792085
-0.810946
-0.817104
-0.795986
-0.690737
-0.734167
-0.729366
-0.796584
-0.828032
-0.79573
-0.836249
-0.781201
-0.750109
-0.819594
-0.829558
-0.797031
-0.809051
-0.750113
-0.767393
-0.821884
-0.778875
-0.774373
-0.721031
-0.859793
-0.811204
-0.755828
-0.735153
-0.843448
-0.795042
-0.734541
-0.817263
-0.737301
-0.803128
-0.773713
-0.752806
-0.799035
-0.777747
-0.67313
-0.730145
-0.698692
-0.738669
-0.805594
-0.773084
-0.779284
-0.733506
-0.734876
-0.745198
-0.785285
-0.72609
-0.7236
-0.753754
-0.816725
-0.828457
-0.8608
-0.852357
-0.828444
-0.794481
-0.836954
-0.83051
-0.741195
-0.688826
-0.66362
-0.614475
-0.731016
-0.698309
-0.781699
-0.76188
-0.778905
-0.774352
-0.686314
-0.663948
-0.7299
-0.782661
-0.798886
-0.832873
-0.753242
-0.822608
-0.775119
-0.769491
-0.844137
-0.819437
-0.774232
-0.828602
-0.881997
-0.867117
-0.906305
-0.91366
-0.879114
-0.827515
-0.771514
-0.792456
-0.806352
-0.809851
-0.77491
-0.818843
-0.795947
-0.868176
-0.912719
-0.912339
-0.927377
-0.936044
-0.95275
-0.911495
-0.915271
-0.893299
-0.972801
-0.958348
-0.905228
-0.874856
-0.901533
-0.867747
-0.914867
-0.919965
-0.846192
-0.83365
-0.927736
-0.868997
-0.861281
-0.957035
-0.966962
-0.990578
-0.943082
-0.922596
-0.860394
-0.819125
-0.829676
-0.853443
-0.890067
-0.783005
-0.767258
-0.841547
-0.854356
-0.857552
-0.847362
-0.887581
-0.863692
-0.943415
-0.90927
-0.851136
-0.833473
-0.834027
-0.847955
-0.805561
-0.880243
-0.848816
-0.8513
-0.85364
-0.882179
-0.81908
-0.842171
-0.804862
-0.856243
-0.887422
-0.896573
-0.892232
-0.897113
-0.868996
-0.847323
-0.774199
-0.805329
-0.836504
-0.842648
-0.884953
-0.84411
-0.850698
-0.886044
-0.87086
-0.80694
-0.830254
-0.781371
-0.715156
-0.647848
-0.729385
-0.719393
-0.756767
-0.625125
-0.670042
-0.777431
-0.881884
-0.817525
-0.712798
-0.796091
-0.816097
-0.794506
-0.799764
-0.76125
-0.806875
-0.773956
-0.774053
-0.768178
-0.77104
-0.77845
-0.847841
-0.84104
-0.819745
-0.803945
-0.892443
-0.902001
-0.865528
-0.893501
-0.910701
-0.921254
-0.926248
-0.941811
-0.941042
-0.904366
-0.968827
-1.00592
-0.930064
-0.93164
-0.940753
-0.85216
-0.921193
-0.97172
-0.950282
-0.965432
-0.956259
-0.992674
-0.932106
-0.924081
-0.943578
-0.947083
-0.985292
-0.975111
-1.02103
-0.892433
-0.845784
-0.875824
-0.788967
-0.811179
-0.790092
-0.836155
-0.764071
-0.774469
-0.77319
-0.675868
-0.725605
-0.685999
-0.701574
-0.727882
-0.762359
-0.813199
-0.819253
-0.825797
-0.758588
-0.781618
-0.823497
-0.802699
-0.871693
-0.908861
-0.851184
-0.86236
-0.889385
-0.86198
-0.918368
-0.855668
-0.903986
-0.971191
-0.913632
-0.875829
-0.921367
-0.893739
-0.841581
-0.905096
-0.912592
-0.914415
-0.917324
-0.9549
-0.835048
-0.829235
-0.925552
-0.873597
-0.971128
-0.964186
-0.966534
-0.894521
-0.932574
-0.930856
-0.895314
-0.848157
-0.873386
-0.862235
-0.880747
-0.831926
-0.891824
-0.868677
-0.843946
-0.816531
-0.831859
-0.763662
-0.764915
-0.762539
-0.650203
-0.716087
-0.737797
-0.81442
-0.831294
-0.813687
-0.779102
-0.746287
-0.713561
-0.76302
-0.80265
-0.831068
-0.846556
-0.843485
-0.790817
-0.713647
-0.743134
-0.759036
-0.736338
-0.717018
-0.76686
-0.812303
-0.733401
-0.766949
-0.82336
-0.885536
-0.933773
-0.928178
-0.891376
-0.826888
-0.878887
-0.867854
-0.837021
-0.829726
-0.822204
-0.825745
-0.826824
-0.755644
-0.831849
-0.711983
-0.798076
-0.815757
-0.79477
-0.74152
-0.777067
-0.788094
-0.795494
-0.74371
-0.774792
-0.693812
-0.631049
-0.741716
-0.739748
-0.785437
-0.771164
-0.787234
-0.765781
-0.719856
-0.75966
-0.640366
-0.641969
-0.775601
-0.794606
-0.816165
-0.818759
-0.803333
-0.813498
-0.782386
-0.793367
-0.690102
-0.677379
-0.753514
-0.799388
-0.847974
-0.865558
-0.864692
-0.803058
-0.76322
-0.782599
-0.834136
-0.819632
-0.841697
-0.824752
-0.846408
-0.76218
-0.820606
-0.779311
-0.783242
-0.800331
-0.736217
-0.815684
-0.815084
-0.849409
-0.848824
-0.873716
-0.803042
-0.756696
-0.7008
-0.767983
-0.778423
-0.759768
-0.762423
-0.730954
-0.7043
-0.712297
-0.720385
-0.746127
-0.755275
-0.775394
-0.783964
-0.815802
-0.816143
-0.772493
-0.758295
-0.727835
-0.6995
-0.754117
-0.70061
-0.754754
-0.778429
-0.750714
-0.756905
-0.738454
-0.832546
-0.833466
-0.887867
-0.869742
-0.895814
-0.909988
-0.876468
-0.939914
-0.82672
-0.805516
-0.782307
-0.760755
-0.793272
-0.855229
-0.867036
-0.865887
-0.883929
-0.896849
-0.840399
-0.842184
-0.836976
-0.809127
-0.793504
-0.784176
-0.761406
-0.852904
-0.896987
-0.848797
-0.862887
-0.844498
-0.894578
-0.966337
-0.933245
-0.9271
-0.888259
-0.848566
-0.889731
-0.853525
-0.819989
-0.727375
-0.864058
-0.832722
-0.911961
-0.865281
-0.881656
-0.860425
-0.919676
-0.92109
-0.923083
-0.940906
-0.889766
-0.881821
-0.86226
-0.888171
-0.729091
-0.821301
-0.771247
-0.949465
-0.900749
-0.882535
-0.843826
-0.826651
-0.923608
-0.874508
-0.875254
-0.929123
-0.90813
-0.898659
-0.849775
-0.894183
-0.815695
-0.727794
-0.762932
-0.800259
-0.824268
-0.787204
-0.802817
-0.774383
-0.814424
-0.822283
-0.858794
-0.872666
-0.843727
-0.818069
-0.8402
-0.838627
-0.841554
-0.822101
-0.869469
-0.823868
-0.810321
-0.882492
-0.847337
-0.879247
-0.771141
-0.782148
-0.816468
-0.785167
-0.892325
-0.926743
-0.887381
-0.865678
-0.84836
-0.872044
-0.869329
-0.897307
-0.926726
-0.870475
-0.884185
-0.875571
-0.910395
-0.932035
-0.964922
-0.961719
-0.873545
-0.821711
-0.840193
-0.885168
-0.893171
-0.823667
-0.912483
-0.859019
-0.865545
-0.885757
-0.863166
-0.812026
-0.819312
-0.763063
-0.727536
-0.702385
-0.769941
-0.779853
-0.770618
-0.779511
-0.836663
-0.786446
-0.794136
-0.76412
-0.727479
-0.779312
-0.807444
-0.806302
-0.754067
-0.750276
-0.748858
-0.740766
-0.804745
-0.77211
-0.788584
-0.816049
-0.762723
-0.785042
-0.835863
-0.75501
-0.748666
-0.735413
-0.716978
-0.771939
-0.843989
-0.849623
-0.828573
-0.701091
-0.654087
-0.757467
-0.765835
-0.725853
-0.752503
-0.79459
-0.734252
-0.75483
-0.751663
-0.758443
-0.726871
-0.806804
-0.759246
-0.823035
-0.812889
-0.829054
-0.825369
-0.823292
-0.851404
-0.786411
-0.773083
-0.742158
-0.739212
-0.77254
-0.833704
-0.803474
-0.771481
-0.812169
-0.848673
-0.836522
-0.840863
-0.805171
-0.862889
-0.879825
-0.824806
-0.784537
-0.822869
-0.78946
-0.744703
-0.782602
-0.763876
-0.806827
-0.819809
-0.762885
-0.745349
-0.785432
-0.793292
-0.752131
-0.870426
-0.837767
-0.801129
-0.753134
-0.732934
-0.688243
-0.718233
-0.731467
-0.724246
-0.669126
-0.71214
-0.749107
-0.721715
-0.697065
-0.682832
-0.69897
-0.720806
-0.769113
-0.809464
-0.781478
-0.802668
-0.736101
-0.7723
-0.75777
-0.762584
-0.735366
-0.67298
-0.627672
-0.763644
-0.772689
-0.724604
-0.748691
-0.745321
-0.708615
-0.719747
-0.68783
-0.743132
-0.730795
-0.713817
-0.706252
-0.749686
-0.813408
-0.80494
-0.854159
-0.828087
-0.844846
-0.788959
-0.792462
-0.824941
-0.813994
-0.862572
-0.817078
-0.795282
-0.786595
-0.723555
-0.77563
-0.733012
-0.713105
-0.742955
-0.699652
-0.764763
-0.752493
-0.757501
-0.833823
-0.863424
-0.865137
-0.880808
-0.882107
-0.878586
-0.824581
-0.837569
-0.869517
-0.866445
-0.819076
-0.759142
-0.839168
-0.89526
-0.865988
-0.819484
-0.839923
-0.779263
-0.793531
-0.785418
-0.85955
-0.828725
-0.816947
-0.854906
-0.871223
-0.85963
-0.855776
-0.887291
-0.879762
-0.845172
-0.795282
-0.844925
-0.798628
-0.786511
-0.771596
-0.817621
-0.752845
-0.732016
-0.779298
-0.788128
-0.790545
-0.778909
-0.730585
-0.741268
-0.710947
-0.696289
-0.707324
-0.782009
-0.740194
-0.679552
-0.651954
-0.678547
-0.69601
-0.684526
-0.626909
-0.678206
-0.692264
-0.705984
-0.69361
-0.680974
-0.801288
-0.749756
-0.66177
-0.679941
-0.679455
-0.654948
-0.703676
-0.675445
-0.744982
-0.680311
-0.739588
-0.749666
-0.750366
-0.730605
-0.768158
-0.719535
-0.711592
-0.740922
-0.761875
-0.79632
-0.750133
-0.735329
-0.700526
-0.753623
-0.728651
-0.766429
-0.729244
-0.719752
-0.708628
-0.727414
-0.785731
-0.794308
-0.805575
-0.82928
-0.824379
-0.747414
-0.83288
-0.842515
-0.76664
-0.750498
-0.75874
-0.764398
-0.759749
-0.765869
-0.740254
-0.730969
-0.768871
-0.830901
-0.889659
-0.875339
-0.913157
-0.800432
-0.786102
-0.817743
-0.779777
-0.798751
-0.717014
-0.801879
-0.843415
-0.797021
-0.769989
-0.771522
-0.799005
-0.779435
-0.830696
-0.820693
-0.769461
-0.815792
-0.791779
-0.74702
-0.825011
-0.802215
-0.77542
-0.825562
-0.853748
-0.792689
-0.766759
-0.803486
-0.827815
-0.781627
-0.707717
-0.741292
-0.832287
-0.803653
-0.853508
-0.789876
-0.800447
-0.749302
-0.798007
-0.800611
-0.79808
-0.76338
-0.756993
-0.783535
-0.866457
-0.872779
-0.849437
-0.927975
-0.863667
-0.814058
-0.77674
-0.791037
-0.721341
-0.533575
-0.614892
-0.699254
-0.756768
-0.854478
-0.802706
-0.796336
-0.749255
-0.774812
-0.788825
-0.909147
-0.858403
-0.849528
-0.810443
-0.772265
-0.823873
-0.707726
-0.80744
-0.770958
-0.804747
-0.809226
-0.710312
-0.747189
-0.798795
-0.801252
-0.80865
-0.797927
-0.785256
-0.834027
-0.834864
-0.809208
-0.718629
-0.757524
-0.775357
-0.684052
-0.642319
-0.660246
-0.722497
-0.710345
-0.793531
-0.73886
-0.764724
-0.845715
-0.757484
-0.813509
-0.76569
-0.784894
-0.738815
-0.705834
-0.737979
-0.717798
-0.756623
-0.863148
-0.823742
-0.863979
-0.762052
-0.704305
-0.768832
-0.775233
-0.876774
-0.844961
-0.861069
-0.832951
-0.743011
-0.816962
-0.789
-0.827753
-0.845766
-0.876223
-0.837651
-0.798502
-0.767385
-0.686521
-0.767742
-0.81982
-0.852982
-0.74682
-0.758808
-0.847025
-0.837448
-0.903102
-0.86566
-0.883018
-0.880751
-0.850672
-0.86749
-0.925365
-0.903345
-0.895888
-0.937951
-0.95485
-0.923735
-0.883926
-0.902844
-0.870397
-0.918444
-0.878293
-0.772922
-0.841964
-0.800111
-0.785181
-0.7319
-0.82644
-0.864246
-0.93409
-0.741568
-0.758047
-0.84651
-0.819203
-0.841523
-0.88239
-0.877762
-0.93703
-0.938623
-0.939666
-0.918638
-0.920185
-0.889696
-0.844825
-0.919502
-0.870228
-0.889983
-0.792784
-0.806953
-0.800373
-0.785125
-0.820185
-0.871045
-0.821642
-0.756032
-0.749105
-0.793716
-0.704516
-0.735769
-0.75553
-0.752619
-0.780758
-0.864726
-0.789971
-0.873431
-0.825457
-0.864897
-0.846385
-0.866567
-0.840657
-0.825004
-0.80315
-0.803364
-0.733699
-0.773424
-0.765431
-0.81649
-0.817805
-0.867743
-0.811614
-0.935835
-0.896029
-0.873577
-0.942851
-0.905887
-0.918706
-0.823339
-0.798859
-0.832674
-0.838045
-0.77455
-0.881428
-0.863216
-0.751007
-0.726807
-0.863247
-0.868673
-0.882824
-0.800962
-0.823802
-0.921437
-0.913549
-0.89564
-0.829602
-0.82178
-0.914018
-0.89843
-0.917943
-0.933448
-0.92779
-0.951216
-0.851469
-0.918148
-0.856879
-0.890747
-0.872136
-0.851828
-0.930504
-0.885061
-0.88422
-0.896635
-0.821888
-0.856562
-0.827192
-0.82663
-0.831535
-0.841
-0.815363
-0.802114
-0.771215
-0.868807
-0.756001
-0.824308
-0.768933
-0.880901
-0.860666
-0.840012
-0.795416
-0.820375
-0.772019
-0.818731
-0.80115
-0.829964
-0.822823
-0.840357
-0.791706
-0.829159
-0.819382
-0.816051
-0.796267
-0.861435
-0.852836
-0.894502
-0.948113
-0.843239
-0.874693
-0.824592
-0.844917
-0.870597
-0.859765
-0.866393
-0.875841
-0.939869
-0.919919
-0.842936
-0.75423
-0.75518
-0.780247
-0.786469
-0.76019
-0.810746
-0.764277
-0.825444
-0.841151
-0.884217
-0.883281
-0.77792
-0.738844
-0.828606
-0.76638
-0.654482
-0.687734
-0.780838
-0.828479
-0.905845
-0.823277
-0.857817
-0.821817
-0.84391
-0.809771
-0.809839
-0.735255
-0.825138
-0.796122
-0.838163
-0.858969
-0.88147
-0.812047
-0.815624
-0.788458
-0.814243
-0.780791
-0.797566
-0.804639
-0.771917
-0.728496
-0.769798
-0.757883
-0.796822
-0.772889
-0.81448
-0.816037
-0.841108
-0.833123
-0.831158
-0.836822
-0.883074
-0.849324
-0.685931
-0.838425
-0.854334
-0.847261
-0.843208
-0.830671
-0.892453
-0.91257
-0.903767
-0.883881
-0.834809
-0.794261
-0.825482
-0.826742
-0.801899
-0.800197
-0.867749
-0.855916
-0.841018
-0.822151
-0.847685
-0.851482
-0.880132
-0.842259
-0.78413
-0.911018
-0.933167
-0.883604
-0.938438
-0.851654
-0.867863
-0.896361
-0.827511
-0.814168
-0.810981
-0.794939
-0.835173
-0.830704
-0.845878
-0.814954
-0.807289
-0.927741
-0.843459
-0.911045
-0.921801
-0.922159
-0.945101
-0.909579
-0.901988
-0.831649
-0.850597
-0.882037
-0.867061
-0.858153
-0.869667
-0.877916
-0.904086
-0.844302
-0.819751
-0.780471
-0.873089
-0.86825
-0.824566
-0.805914
-0.823708
-0.872484
-0.830071
-0.786879
-0.780834
-0.878129
-0.928559
-0.802077
-0.861253
-0.849005
-0.826172
-0.817839
-0.830161
-0.946477
-0.85365
-0.832937
-0.873002
-0.928108
-0.905832
-0.942275
-0.883486
-0.931224
-0.897532
-0.894742
-0.777541
-0.832755
-0.786818
-0.79154
-0.859263
-0.80163
-0.825544
-0.812246
-0.897239
-0.879327
-0.834724
-0.801655
-0.784893
-0.795925
-0.763659
-0.795595
-0.819324
-0.793004
-0.789147
-0.863983
-0.872269
-0.877209
-0.836027
-0.74674
-0.834253
-0.858993
-0.804391
-0.756981
-0.767397
-0.759672
-0.864901
-0.835253
-0.804109
-0.808979
-0.737578
-0.898154
-0.856834
-0.913659
-0.916065
-0.910498
-0.800746
-0.868771
-0.820217
-0.803433
-0.790168
-0.707267
-0.775787
-0.79035
-0.805822
-0.799885
-0.82398
-0.814502
-0.811981
-0.791675
-0.806443
-0.823607
-0.850303
-0.848006
-0.879737
-0.85821
-0.812146
-0.848554
-0.887012
-0.906605
-0.794278
-0.786239
-0.828797
-0.86118
-0.782063
-0.790715
-0.735815
-0.817151
-0.772997
-0.829353
-0.841702
-0.796136
-0.760714
-0.811756
-0.783592
-0.74983
-0.802791
-0.776599
-0.809845
-0.803601
-0.799349
-0.744848
-0.803419
-0.72558
-0.798616
-0.902329
-0.876548
-0.867801
-0.766021
-0.750132
-0.768653
-0.808915
-0.803955
-0.765909
-0.802767
-0.789119
-0.757509
-0.696922
-0.679561
-0.586078
-0.643354
-0.688656
-0.727837
-0.749713
-0.706132
-0.698853
-0.751101
-0.739523
-0.702736
-0.668184
-0.725974
-0.777621
-0.728781
-0.743354
-0.74553
-0.722282
-0.71577
-0.759404
-0.733217
-0.755526
-0.687209
-0.732069
-0.800063
-0.837425
-0.815482
-0.753865
-0.741701
-0.746734
-0.787592
-0.742174
-0.758853
-0.707601
-0.701691
-0.766661
-0.808529
-0.705789
-0.729534
-0.710843
-0.751558
-0.704946
-0.630935
-0.614948
-0.63343
-0.641339
-0.67366
-0.680845
-0.703761
-0.661033
-0.63372
-0.660587
-0.630312
-0.715524
-0.784685
-0.772688
-0.746516
-0.715663
-0.669201
-0.67369
-0.696188
-0.698297
-0.722056
-0.748349
-0.772228
-0.780009
-0.759378
-0.75138
-0.780219
-0.673478
-0.678852
-0.708259
-0.722072
-0.711871
-0.727718
-0.728771
-0.746718
-0.725063
-0.731505
-0.695102
-0.787951
-0.829337
-0.800909
-0.842317
-0.88935
-0.943971
-0.855049
-0.881736
-0.831256
-0.809373
-0.787584
-0.75432
-0.760039
-0.776581
-0.779098
-0.825967
-0.885087
-0.818528
-0.738664
-0.821383
-0.752121
-0.806172
-0.739
-0.733015
-0.673262
-0.708769
-0.722408
-0.689547
-0.664433
-0.705457
-0.737516
-0.760554
-0.757387
-0.782181
-0.750253
-0.735059
-0.819481
-0.83408
-0.735874
-0.77033
-0.787996
-0.771776
-0.785604
-0.785526
-0.799784
-0.776453
-0.745055
-0.781391
-0.848235
-0.77503
-0.751465
-0.714537
-0.702614
-0.66503
-0.764731
-0.652534
-0.701818
-0.662281
-0.688189
-0.701906
-0.697159
-0.700539
-0.721666
-0.73539
-0.672372
-0.600688
-0.664911
-0.675519
-0.631167
-0.728035
-0.699785
-0.695143
-0.788355
-0.715378
-0.761271
-0.797412
-0.838386
-0.852051
-0.870733
-0.82729
-0.836134
-0.699176
-0.780916
-0.752916
-0.812745
-0.74638
-0.792096
-0.819386
-0.756858
-0.812302
-0.829788
-0.787578
-0.753936
-0.777952
-0.771504
-0.75628
-0.739493
-0.758844
-0.788044
-0.798147
-0.742406
-0.842847
-0.853656
-0.729718
-0.716699
-0.691963
-0.830102
-0.808156
-0.779535
-0.817759
-0.754028
-0.865758
-0.895307
-0.853454
-0.807527
-0.84155
-0.865342
-0.822866
-0.825415
-0.778201
-0.782529
-0.791221
-0.830545
-0.831807
-0.805053
-0.786834
-0.785875
-0.795952
-0.813093
-0.818733
-0.796616
-0.782023
-0.821741
-0.786562
-0.768602
-0.728617
-0.74158
-0.800453
-0.766923
-0.739208
-0.707577
-0.673482
-0.718705
-0.762915
-0.691143
-0.774286
-0.780345
-0.809322
-0.761818
-0.739888
-0.650827
-0.643853
-0.77757
-0.768001
-0.650802
-0.693175
-0.65837
-0.720449
-0.746522
-0.757834
-0.719899
-0.685931
-0.673445
-0.73971
-0.75966
-0.697903
-0.767194
-0.67598
-0.699327
-0.771505
-0.814365
-0.820887
-0.81254
-0.861706
-0.764453
-0.770447
-0.76068
-0.783078
-0.755654
-0.831675
-0.776248
-0.752387
-0.71143
-0.732858
-0.717145
-0.763262
-0.764671
-0.742391
-0.77605
-0.673132
-0.704734
-0.73372
-0.769179
-0.691612
-0.605775
-0.514534
-0.529535
-0.611528
-0.660769
-0.701892
-0.670502
-0.617517
-0.648887
-0.687953
-0.672523
-0.642193
-0.693998
-0.80758
-0.741428
-0.765875
-0.764862
-0.732203
-0.727169
-0.749881
-0.767
-0.797478
-0.806613
-0.822068
-0.756082
-0.782363
-0.724718
-0.677224
-0.679386
-0.689259
-0.757143
-0.775852
-0.802939
-0.820565
-0.744565
-0.827807
-0.822628
-0.808794
-0.787383
-0.835306
-0.746299
-0.788163
-0.770386
-0.789076
-0.777709
-0.795607
-0.725512
-0.770622
-0.770611
-0.77443
-0.80928
-0.75023
-0.757545
-0.772222
-0.760848
-0.782417
-0.770737
-0.710154
-0.720469
-0.692077
-0.763789
-0.784283
-0.780166
-0.796339
-0.789033
-0.751675
-0.798304
-0.75493
-0.80365
-0.854847
-0.82572
-0.730666
-0.812896
-0.812784
-0.819236
-0.810763
-0.846896
-0.782377
-0.816846
-0.772675
-0.80799
-0.752626
-0.745934
-0.784263
-0.819655
-0.799706
-0.76821
-0.674511
-0.657292
-0.608049
-0.626929
-0.754603
-0.780766
-0.820822
-0.802365
-0.803591
-0.710454
-0.736486
-0.78776
-0.755258
-0.776112
-0.770131
-0.812822
-0.795933
-0.729807
-0.728586
-0.784693
-0.765901
-0.767674
-0.789876
-0.830444
-0.736968
-0.710609
-0.786744
-0.834213
-0.817318
-0.729283
-0.748877
-0.741613
-0.706426
-0.784049
-0.79699
-0.796877
-0.806527
-0.805668
-0.790725
-0.758721
-0.797966
-0.790311
-0.801146
-0.813817
-0.750062
-0.82102
-0.758212
-0.809398
-0.781773
-0.777685
-0.756298
-0.765245
-0.705964
-0.725646
-0.774602
-0.795714
-0.74992
-0.790666
-0.670268
-0.758367
-0.678086
-0.738116
-0.744444
-0.711027
-0.819794
-0.739563
-0.700379
-0.747398
-0.714428
-0.786529
-0.724909
-0.772649
-0.784587
-0.78775
-0.765604
-0.790549
-0.772819
-0.784877
-0.807749
-0.811131
-0.699151
-0.723637
-0.768032
-0.725715
-0.718964
-0.753277
-0.672687
-0.687288
-0.748889
-0.707412
-0.751829
-0.687284
-0.699855
-0.815879
-0.794248
-0.787651
-0.721268
-0.726022
-0.7179
-0.764039
-0.768828
-0.844015
-0.767006
-0.775785
-0.811776
-0.79834
-0.848491
-0.801598
-0.780503
-0.735123
-0.727526
-0.735859
-0.75369
-0.714543
-0.631561
-0.619744
-0.64624
-0.75306
-0.737843
-0.727667
-0.664072
-0.70929
-0.692373
-0.710788
-0.769532
-0.802469
-0.752545
-0.747172
-0.733965
-0.715288
-0.700338
-0.724416
-0.734789
-0.753668
-0.763651
-0.7825
-0.786494
-0.745569
-0.7809
-0.752265
-0.732324
-0.733469
-0.725571
-0.76194
-0.731007
-0.692561
-0.631592
-0.730498
-0.731801
-0.753145
-0.696309
-0.767739
-0.756012
-0.752041
-0.793763
-0.815582
-0.730486
-0.734643
-0.78875
-0.740947
-0.799482
-0.775475
-0.796103
-0.866898
-0.714761
-0.701654
-0.74834
-0.753657
-0.817754
-0.801192
-0.786767
-0.725374
-0.776831
-0.811922
-0.831697
-0.859015
-0.798583
-0.811037
-0.900642
-0.913747
-0.884027
-0.880286
-0.908847
-0.890355
-0.820267
-0.809311
-0.776434
-0.888941
-0.865526
-0.918052
-0.846259
-0.841296
-0.855993
-0.833206
-0.794065
-0.817733
-0.831091
-0.804028
-0.8628
-0.783465
-0.840106
-0.834321
-0.773849
-0.766895
-0.858347
-0.846166
-0.873103
-0.879266
-0.852085
-0.826152
-0.879169
-0.762295
-0.790131
-0.873878
-0.836787
-0.763435
-0.734566
-0.901358
-0.870417
-0.929437
-0.92932
-0.954827
-0.949503
-0.91642
-0.932015
-0.862052
-0.8397
-0.801979
-0.874556
-0.822594
-0.801192
-0.784863
-0.819951
-0.774324
-0.798664
-0.83276
-0.80117
-0.850442
-0.841686
-0.845622
-0.876605
-0.821384
-0.786752
-0.783815
-0.830209
-0.892338
-0.850657
-0.859197
-0.864931
-0.835972
-0.863647
-0.799476
-0.841759
-0.842365
-0.85489
-0.804574
-0.866984
-0.857596
-0.946938
-0.857031
-0.927058
-0.867802
-0.823107
-0.850743
-0.864203
-0.91719
-0.828299
-0.802507
-0.858306
-0.913687
-0.849442
-0.82502
-0.841513
-0.858612
-0.89143
-0.877109
-0.865146
-0.799434
-0.801221
-0.844309
-0.801394
-0.71664
-0.732924
-0.783792
-0.852061
-0.890413
-0.824316
-0.882539
-0.785314
-0.805249
-0.755859
-0.752863
-0.815232
-0.789631
-0.780391
-0.77923
-0.878549
-0.80144
-0.75934
-0.795072
-0.744533
-0.761271
-0.842416
-0.831574
-0.7794
-0.735633
-0.747594
-0.788998
-0.721288
-0.639279
-0.676662
-0.662931
-0.731552
-0.724967
-0.806549
-0.78666
-0.763988
-0.708599
-0.743264
-0.746286
-0.776993
-0.838881
-0.803792
-0.729129
-0.759853
-0.779883
-0.767293
-0.809915
-0.701444
-0.736989
-0.725264
-0.837225
-0.777077
-0.799283
-0.816473
-0.777497
-0.760341
-0.717125
-0.852575
-0.858635
-0.810823
-0.871577
-0.944566
-0.873831
-0.875378
-0.905099
-0.839444
-0.771929
-0.78207
-0.748043
-0.824518
-0.835534
-0.775197
-0.811147
-0.828437
-0.793977
-0.79192
-0.783715
-0.713027
-0.873417
-0.867067
-0.85761
-0.908648
-0.838793
-0.825669
-0.828192
-0.803217
-0.787124
-0.798844
-0.820573
-0.891105
-0.839866
-0.865283
-0.808708
-0.794264
-0.935223
-0.919811
-0.932432
-0.929213
-0.901561
-0.867184
-0.835583
-0.76787
-0.862769
-0.802956
-0.755791
-0.712476
-0.888636
-0.857077
-0.802435
-0.802775
-0.88325
-0.891154
-0.845244
-0.797556
-0.783884
-0.638194
-0.739363
-0.792087
-0.821551
-0.827103
-0.810879
-0.69307
-0.741706
-0.756138
-0.803166
-0.902575
-0.866134
-0.837842
-0.861337
-0.801108
-0.677098
-0.702772
-0.817237
-0.834467
-0.823819
-0.827008
-0.839733
-0.703458
-0.782185
-0.808307
-0.720297
-0.710586
-0.741682
-0.712008
-0.775979
-0.656635
-0.69617
-0.738472
-0.725459
-0.775274
-0.755178
-0.864226
-0.835513
-0.835649
-0.819828
-0.723368
-0.773397
-0.75871
-0.729481
-0.691273
-0.768756
-0.701855
-0.777631
-0.781541
-0.750659
-0.866509
-0.689326
-0.812843
-0.742493
-0.693151
-0.785203
-0.834642
-0.795313
-0.752476
-0.760013
-0.726145
-0.765531
-0.750076
-0.764698
-0.725636
-0.805056
-0.773818
-0.731901
-0.653442
-0.756604
-0.732052
-0.773532
-0.793025
-0.78615
-0.74016
-0.663341
-0.681086
-0.620571
-0.647065
-0.689882
-0.708637
-0.65767
-0.728961
-0.636741
-0.625978
-0.658429
-0.716774
-0.69797
-0.727558
-0.759444
-0.745322
-0.731823
-0.74602
-0.667279
-0.66874
-0.691963
-0.679778
-0.706934
-0.712735
-0.703471
-0.700779
-0.738279
-0.717975
-0.679837
-0.665767
-0.711445
-0.757314
-0.70199
-0.619767
-0.630177
-0.689993
-0.718344
-0.73246
-0.791589
-0.734689
-0.659353
-0.743361
-0.729826
-0.721055
-0.742143
-0.724839
-0.730787
-0.763018
-0.741161
-0.687924
-0.861959
-0.84319
-0.761978
-0.732088
-0.794701
-0.81363
-0.772807
-0.655395
-0.771653
-0.759372
-0.736807
-0.740826
-0.694273
-0.735596
-0.778441
-0.760106
-0.793649
-0.802023
-0.786889
-0.835041
-0.761581
-0.831019
-0.840592
-0.829261
-0.791816
-0.786274
-0.771915
-0.78526
-0.878598
-0.817633
-0.822013
-0.76799
-0.845602
-0.821302
-0.833631
-0.811632
-0.767159
-0.708551
-0.739748
-0.71328
-0.672709
-0.712044
-0.80691
-0.841783
-0.876143
-0.842135
-0.770639
-0.805642
-0.789013
-0.783183
-0.793935
-0.793381
-0.780089
-0.83532
-0.822582
-0.835937
-0.801978
-0.794913
-0.816682
-0.788925
-0.775809
-0.878207
-0.882915
-0.930212
-0.832809
-0.824946
-0.820959
-0.801613
-0.77957
-0.805538
-0.794462
-0.865751
-0.950378
-0.949333
-0.98115
-0.86276
-0.888902
-0.798823
-0.804476
-0.70464
-0.682215
-0.847635
-0.783253
-0.773945
-0.837634
-0.831878
-0.878376
-0.951674
-0.954705
-0.891269
-0.874003
-0.892204
-0.84472
-0.815344
-0.826363
-0.792319
-0.784719
-0.847006
-0.855484
-0.793354
-0.824628
-0.823287
-0.782216
-0.714304
-0.763306
-0.797382
-0.806285
-0.806811
-0.768933
-0.791249
-0.695746
-0.762393
-0.758342
-0.755189
-0.866466
-0.924169
-0.920202
-0.887751
-0.845159
-0.831053
-0.847674
-0.789451
-0.764922
-0.765435
-0.836115
-0.844446
-0.819929
-0.802247
-0.786189
-0.797303
-0.817218
-0.841293
-0.830388
-0.826599
-0.775443
-0.782975
-0.789582
-0.844375
-0.785582
-0.738568
-0.769234
-0.791027
-0.798212
-0.84758
-0.82144
-0.925343
-0.810222
-0.780424
-0.663938
-0.678258
-0.766049
-0.731592
-0.734523
-0.798851
-0.802496
-0.763829
-0.69874
-0.717533
-0.776036
-0.8001
-0.784723
-0.774554
-0.673849
-0.760035
-0.737341
-0.719975
-0.770342
-0.804151
-0.733398
-0.626952
-0.712576
-0.753885
-0.716149
-0.727042
-0.752501
-0.79515
-0.817886
-0.780901
-0.784062
-0.828216
-0.850528
-0.816879
-0.804568
-0.839217
-0.883297
-0.852223
-0.849773
-0.833858
-0.85671
-0.848483
-0.836513
-0.914292
-0.835196
-0.893193
-0.871299
-0.824761
-0.843392
-0.850683
-0.862724
-0.89902
-0.8267
-0.811302
-0.845681
-0.855487
-0.832149
-0.815378
-0.773571
-0.811116
-0.819251
-0.761695
-0.745281
-0.728859
-0.743127
-0.719798
-0.677453
-0.721387
-0.722163
-0.757485
-0.732191
-0.79728
-0.798636
-0.742933
-0.804396
-0.824949
-0.758983
-0.786832
-0.771529
-0.754863
-0.731738
-0.844728
-0.885945
-0.818074
-0.796752
-0.808812
-0.724398
-0.74678
-0.747343
-0.755999
-0.756153
-0.724209
-0.762788
-0.807815
-0.768666
-0.664186
-0.695839
-0.686882
-0.70168
-0.675733
-0.740686
-0.734133
-0.721336
-0.799074
-0.791255
-0.798942
-0.775158
-0.780077
-0.820478
-0.789236
-0.753483
-0.796489
-0.797963
-0.900706
-0.860986
-0.88311
-0.826763
-0.864515
-0.814842
-0.855738
-0.79086
-0.832938
-0.796204
-0.853295
-0.857679
-0.845238
-0.83138
-0.807601
-0.794241
-0.823704
-0.821789
-0.858023
-0.784779
-0.799127
-0.807185
-0.81909
-0.816515
-0.809384
-0.748472
-0.741651
-0.748499
-0.745632
-0.776323
-0.77778
-0.673492
-0.669915
-0.616977
-0.678745
-0.707979
-0.705733
-0.739028
-0.687805
-0.758443
-0.800376
-0.765071
-0.763773
-0.762646
-0.69172
-0.811968
-0.782837
-0.86653
-0.819985
-0.82964
-0.866278
-0.873188
-0.87937
-0.903326
-0.878735
-0.863116
-0.878393
-0.854572
-0.846066
-0.907592
-0.855719
-0.791108
-0.800222
-0.748642
-0.808744
-0.900681
-0.849582
-0.866787
-0.885555
-0.904427
-0.839246
-0.830863
-0.832928
-0.787753
-0.785467
-0.849978
-0.850903
-0.863633
-0.829923
-0.846994
-0.840846
-0.863432
-0.883768
-0.916601
-0.947162
-0.771101
-0.811236
-0.809677
-0.904949
-0.850167
-0.843543
-0.81996
-0.902512
-0.957119
-0.93069
-0.964706
-0.942257
-0.887732
-0.891671
-0.830263
-0.815287
-0.886647
-0.822931
-0.854122
-0.840976
-0.800869
-0.851427
-0.817496
-0.831775
-0.850552
-0.890129
-0.822272
-0.788851
-0.755302
-0.823994
-0.827741
-0.790693
-0.750872
-0.744279
-0.838343
-0.855473
-0.871155
-0.869763
-0.81779
-0.729208
-0.738468
-0.76659
-0.750066
-0.751374
-0.749102
-0.749023
-0.778562
-0.815988
-0.828887
-0.804016
-0.7978
-0.760836
-0.754184
-0.765161
-0.828383
-0.809924
-0.856059
-0.802781
-0.890705
-0.87627
-0.820741
-0.883604
-0.88203
-0.845471
-0.903211
-0.906905
-0.93184
-0.89488
-0.921433
-0.895771
-0.954737
-0.973683
-0.925093
-0.872888
-0.832394
-0.858861
-0.781083
-0.860841
-0.858945
-0.874765
-0.838914
-0.816537
-0.777096
-0.781196
-0.77385
-0.770658
-0.768579
-0.847085
-0.825357
-0.804413
-0.809729
-0.808608
-0.791176
-0.796544
-0.765476
-0.753719
-0.916212
-0.86802
-0.863002
-0.871105
-0.885398
-0.83743
-0.84554
-0.901787
-0.86705
-0.867482
-0.870901
-0.90639
-0.891295
-0.88616
-0.832086
-0.883688
-0.929403
-0.87958
-0.77693
-0.769686
-0.724415
-0.792265
-0.863871
-0.838785
-0.77202
-0.822245
-0.826422
-0.802079
-0.699547
-0.774692
-0.769695
-0.840405
-0.83156
-0.816302
-0.720578
-0.746697
-0.762628
-0.685944
-0.70667
-0.77565
-0.705605
-0.718666
-0.632772
-0.691846
-0.68202
-0.707898
-0.721294
-0.679579
-0.63468
-0.707928
-0.728517
-0.71965
-0.773533
-0.752966
-0.7606
-0.767526
-0.766229
-0.752661
-0.766496
-0.802408
-0.775733
-0.725032
-0.725037
-0.783046
-0.705656
-0.72707
-0.785251
-0.761791
-0.745788
-0.692085
-0.714553
-0.767468
-0.766235
-0.816545
-0.820117
-0.806938
-0.819558
-0.795377
-0.841613
-0.832444
-0.87649
-0.851185
-0.852048
-0.901329
-0.828266
-0.792936
-0.814985
-0.905168
-0.898866
-0.923408
-0.902416
-0.910813
-0.926458
-0.952871
-0.933635
-0.965583
-0.914975
-0.961127
-0.882351
-0.925699
-0.923667
-0.853795
-0.844499
-0.847523
-0.84751
-0.856857
-0.863496
-0.898576
-0.822627
-0.796567
-0.931523
-0.911041
-0.836616
-0.847576
-0.925812
-0.902835
-0.913541
-0.842989
-0.847025
-0.86193
-0.728585
-0.812248
-0.773138
-0.708511
-0.806815
-0.759216
-0.787801
-0.817975
-0.733762
-0.728283
-0.786258
-0.758928
-0.834138
-0.885315
-0.845344
-0.824648
-0.720842
-0.786045
-0.700286
-0.827907
-0.872435
-0.770721
-0.843852
-0.817907
-0.868651
-0.949965
-0.944349
-0.954584
-0.970246
-0.933705
-0.926361
-0.992327
-0.96445
-0.89045
-0.803104
-0.918939
-0.842281
-0.765242
-0.753114
-0.783528
-0.862113
-0.854123
-0.894204
-0.837988
-0.863774
-0.849029
-0.791162
-0.761181
-0.789566
-0.830825
-0.786699
-0.780491
-0.842741
-0.950546
-0.916219
-0.885524
-0.929586
-0.891996
-0.872684
-0.765034
-0.866297
-0.777593
-0.812218
-0.780489
-0.8874
-0.921758
-0.918562
-0.851832
-0.899955
-0.807045
-0.776152
-0.878412
-0.934513
-0.9146
-0.888411
-0.923593
-0.941286
-0.88594
-0.864542
-0.809708
-0.836594
-0.894136
-0.920388
-0.906915
-0.894241
-0.883296
-0.83607
-0.828075
-0.856328
-0.832978
-0.811721
-0.782034
-0.823476
-0.791127
-0.848546
-0.795744
-0.82952
-0.870393
-0.795715
-0.85122
-0.865945
-0.79949
-0.790651
-0.868949
-0.878261
-0.874623
-0.942897
-0.944828
-0.873896
-0.856133
-0.782556
-0.82469
-0.853542
-0.796623
-0.81459
-0.856225
-0.764068
-0.829379
-0.841272
-0.837011
-0.83793
-0.823648
-0.813337
-0.691997
-0.833867
-0.826113
-0.818597
-0.889997
-0.873655
-0.81009
-0.892579
-0.903641
-0.830593
-0.791739
-0.811912
-0.847279
-0.849905
-0.815011
-0.871611
-0.904712
-0.769753
-0.866945
-0.920535
-0.848939
-0.870168
-0.836918
-0.889226
-0.908952
-0.900809
-0.834422
-0.81336
-0.829715
-0.807998
-0.853179
-0.867693
-0.822052
-0.783195
-0.804668
-0.80054
-0.815937
-0.78119
-0.784593
-0.775563
-0.731042
-0.773388
-0.822729
-0.845847
-0.854675
-0.79409
-0.786616
-0.785785
-0.874931
-0.846876
-0.810912
-0.808153
-0.794724
-0.887175
-0.846656
-0.819465
-0.819136
-0.861436
-0.838356
-0.841693
-0.871801
-0.919529
-0.878114
-0.801431
-0.75791
-0.878395
-0.853134
-0.811415
-0.844308
-0.832956
-0.793076
-0.7914
-0.838788
-0.830334
-0.813207
-0.803691
-0.769056
-0.755242
-0.802081
-0.824477
-0.846381
-0.865735
-0.901877
-0.874327
-0.831848
-0.886735
-0.893111
-0.869682
-0.832231
-0.836402
-0.833581
-0.810514
-0.879568
-0.879112
-0.866484
-0.841234
-0.771404
-0.782369
-0.732988
-0.842351
-0.828557
-0.787193
-0.85685
-0.793851
-0.803893
-0.848363
-0.872876
-0.807024
-0.807134
-0.816026
-0.782646
-0.661723
-0.717981
-0.769271
-0.775873
-0.790278
-0.782802
-0.741433
-0.728579
-0.703413
-0.772968
-0.724604
-0.809964
-0.788842
-0.81003
-0.848751
-0.813155
-0.852053
-0.85844
-0.91663
-0.893307
-0.917886
-0.937807
-0.891008
-0.871752
-0.894765
-0.826338
-0.850923
-0.89123
-0.916683
-0.911209
-0.917871
-0.980587
-0.921175
-0.933809
-0.916297
-0.900869
-0.964133
-0.938905
-0.938479
-0.955416
-0.872279
-0.898041
-0.843845
-0.854045
-0.934318
-0.927505
-0.915909
-0.878035
-0.81046
-0.776275
-0.800649
-0.924644
-0.940544
-0.855462
-0.880757
-0.873376
-0.890178
-0.897725
-0.831223
-0.800021
-0.84762
-0.823537
-0.798882
-0.763802
-0.8128
-0.853843
-0.830936
-0.772577
-0.892435
-0.867125
-0.867363
-0.770214
-0.891315
-0.879341
-0.904701
-0.872616
-0.894254
-0.846585
-0.869967
-0.915715
-0.86013
-0.913891
-0.890379
-0.885882
-0.848806
-0.926952
-0.861893
-0.872912
-0.860503
-0.940273
-0.792475
-0.908053
-0.917397
-0.862711
-0.905348
-0.881561
-0.863791
-0.911389
-0.91774
-0.951982
-0.924482
-0.957092
-0.909197
-0.928867
-0.882846
-0.870299
-0.810889
-0.860952
-0.849314
-0.877681
-0.846229
-0.820485
-0.843486
-0.843805
-0.794901
-0.880879
-0.892495
-0.84641
-0.943591
-0.937089
-0.902347
-0.908539
-0.882761
-0.833364
-0.900139
-0.890806
-0.861581
-0.927573
-0.879785
-0.929028
-0.918592
-0.854941
-0.859396
-0.827572
-0.845241
-0.695297
-0.825085
-0.779202
-0.762707
-0.677364
-0.768872
-0.777692
-0.792367
-0.815818
-0.777579
-0.810594
-0.77424
-0.802666
-0.784722
-0.789592
-0.816116
-0.806793
-0.873191
-0.862306
-0.866061
-0.823829
-0.821593
-0.809172
-0.796173
-0.723956
-0.752974
-0.794071
-0.858967
-0.860958
-0.871125
-0.784824
-0.87144
-0.818879
-0.846719
-0.811174
-0.947868
-0.878258
-0.9426
-0.917878
-0.815238
-0.82305
-0.868914
-0.796414
-0.859849
-0.924205
-0.942544
-0.929855
-0.901571
-0.862776
-0.850374
-0.821545
-0.83134
-0.865242
-0.895667
-0.831096
-0.889921
-0.869633
-0.913099
-0.918302
-0.908548
-0.917595
-0.90515
-0.916372
-0.837619
-0.886733
-0.899395
-0.711529
-0.75198
-0.759069
-0.796175
-0.724288
-0.787206
-0.765472
-0.860673
-0.867765
-0.903369
-0.889061
-0.849967
-0.921005
-0.838423
-0.865937
-0.81183
-0.904459
-0.766576
-0.858451
-0.836077
-0.901843
-0.869643
-0.864193
-0.906151
-0.977611
-0.938898
-0.974061
-0.911219
-0.83676
-0.91023
-0.940765
-0.917353
-0.901555
-0.881264
-0.86865
-0.925956
-0.84548
-0.794452
-0.839947
-0.812321
-0.812511
-0.783045
-0.806359
-0.732762
-0.801295
-0.811895
-0.819584
-0.822446
-0.879162
-0.784975
-0.805103
-0.772484
-0.731085
-0.730705
-0.708308
-0.739053
-0.707857
-0.777608
-0.788428
-0.757116
-0.6882
-0.735548
-0.824026
-0.845612
-0.784866
-0.771958
-0.778182
-0.734161
-0.692823
-0.709149
-0.772215
-0.73293
-0.807608
-0.830023
-0.788758
-0.772403
-0.785912
-0.77271
-0.803651
-0.813856
-0.813954
-0.737481
-0.784823
-0.807229
-0.743668
-0.837386
-0.812005
-0.845639
-0.83794
-0.764116
-0.803595
-0.805907
-0.778566
-0.806485
-0.806173
-0.766225
-0.818528
-0.804961
-0.832545
-0.79769
-0.718801
-0.736441
-0.805728
-0.829149
-0.792667
-0.741895
-0.740612
-0.763038
-0.706297
-0.752253
-0.745416
-0.743668
-0.669694
-0.704697
-0.767062
-0.808121
-0.817855
-0.801596
-0.786866
-0.774432
-0.799399
-0.777759
-0.818004
-0.791652
-0.799632
-0.759268
-0.781263
-0.820685
-0.773837
-0.826278
-0.748148
-0.731342
-0.763672
-0.749066
-0.809494
-0.839567
-0.844612
-0.894517
-0.82985
-0.818189
-0.877086
-0.882517
-0.891901
-0.952015
-0.873283
-0.791989
-0.865509
-0.87175
-0.829874
-0.881359
-0.777113
-0.819112
-0.858359
-0.747887
-0.745883
-0.814379
-0.814918
-0.771362
-0.831512
-0.841559
-0.872181
-0.830352
-0.825297
-0.786168
-0.854088
-0.805237
-0.776988
-0.778193
-0.822365
-0.818768
-0.831142
-0.829084
-0.855991
-0.868705
-0.85133
-0.877751
-0.871484
-0.84433
-0.823023
-0.760991
-0.688926
-0.784763
-0.821933
-0.789268
-0.771142
-0.67561
-0.749423
-0.724148
-0.731827
-0.768823
-0.786538
-0.781031
-0.824634
-0.780453
-0.834849
-0.802371
-0.807436
-0.781342
-0.767237
-0.777477
-0.806111
-0.854953
-0.880239
-0.812321
-0.790847
-0.779465
-0.738744
-0.783329
-0.78255
-0.808766
-0.815745
-0.80672
-0.84458
-0.862146
-0.874014
-0.932517
-0.865716
-0.907638
-0.873622
-0.896951
-0.866325
-0.77125
-0.752503
-0.828982
-0.884228
-0.824417
-0.868822
-0.851794
-0.84032
-0.841492
-0.795684
-0.808537
-0.788683
-0.813508
-0.770901
-0.756049
-0.714394
-0.748428
-0.694641
-0.779658
-0.741315
-0.810909
-0.858213
-0.70534
-0.805912
-0.735992
-0.792752
-0.849902
-0.823981
-0.853294
-0.862326
-0.851973
-0.922871
-0.853004
-0.860857
-0.827574
-0.892667
-0.88424
-0.895437
-0.88458
-0.951614
-0.871394
-0.934979
-0.941657
-0.900996
-0.880859
-0.934325
-0.890345
-0.922626
-0.898493
-0.919605
-0.932894
-0.877139
-0.900357
-0.887219
-0.89505
-0.863927
-0.902867
-0.89747
-0.908295
-0.896128
-0.879919
-0.850905
-0.89293
-0.829815
-0.7958
-0.860415
-0.864655
-0.849156
-0.844164
-0.867978
-0.78335
-0.822177
-0.797949
-0.886044
-0.960533
-0.944577
-0.934182
-0.872747
-0.861896
-0.836757
-0.845109
-0.802694
-0.78157
-0.678764
-0.67754
-0.714595
-0.791221
-0.800197
-0.80055
-0.808155
-0.857527
-0.801504
-0.92711
-0.916044
-0.902902
-0.877091
-0.807616
-0.861131
-0.838715
-0.862071
-0.832917
-0.835417
-0.894768
-0.903039
-0.908712
-0.875456
-0.792085
-0.749933
-0.863568
-0.811944
-0.840346
-0.834785
-0.754753
-0.845449
-0.825295
-0.849784
-0.839773
-0.902189
-0.972012
-0.95799
-0.966022
-0.968476
-0.932874
-0.949848
-0.949895
-0.973674
-0.900018
-0.919493
-0.881053
-0.941594
-0.824991
-0.879376
-0.810843
-0.831886
-0.854483
-0.889418
-0.824631
-0.794277
-0.768894
-0.798811
-0.817359
-0.855815
-0.86353
-0.900088
-0.855158
-0.888355
-0.784188
-0.731333
-0.787139
-0.766139
-0.800479
-0.8363
-0.913002
-0.828265
-0.813914
-0.853744
-0.824495
-0.938651
-0.823928
-0.831864
-0.829332
-0.9109
-0.904841
-0.825825
-0.766998
-0.799361
-0.877707
-0.827052
-0.813071
-0.763697
-0.716433
-0.804241
-0.876569
-0.838085
-0.896676
-0.796141
-0.767445
-0.827721
-0.862679
-0.826214
-0.827464
-0.936266
-0.871324
-0.9344
-0.973267
-0.903822
-0.848544
-0.882289
-0.826867
-0.874734
-0.867723
-0.89994
-0.816161
-0.842531
-0.834227
-0.854841
-0.886707
-0.881548
-0.880452
-0.82187
-0.87376
-0.804951
-0.846463
-0.871211
-0.831516
-0.772573
-0.863046
-0.831017
-0.868223
-0.869293
-0.77936
-0.848092
-0.870701
-0.857956
-0.858601
-0.833114
-0.876529
-0.834369
-0.819886
-0.850591
-0.857225
-0.877489
-0.849647
-0.891797
-0.96676
-0.905763
-0.871938
-0.876679
-0.914122
-0.924923
-0.871368
-0.702489
-0.802128
-0.852589
-0.861194
-0.784201
-0.807142
-0.845175
-0.921475
-0.867828
-0.897036
-0.910474
-0.874922
-0.840613
-0.821421
-0.882953
-0.878404
-0.880204
-0.898584
-0.904702
-0.856956
-0.788659
-0.838614
-0.886648
-0.849047
-0.757754
-0.750881
-0.813112
-0.848669
-0.890785
-0.940536
-0.901388
-0.762151
-0.73507
-0.83159
-0.816034
-0.740096
-0.844667
-0.749015
-0.803506
-0.811425
-0.824908
-0.78832
-0.73637
-0.779171
-0.802271
-0.8101
-0.80555
-0.817881
-0.800667
-0.825739
-0.813863
-0.816242
-0.845395
-0.799941
-0.81732
-0.734002
-0.843313
-0.830074
-0.771631
-0.811184
-0.7796
-0.827394
-0.84072
-0.785499
-0.796175
-0.775351
-0.806003
-0.858184
-0.777762
-0.768951
-0.701667
-0.74299
-0.778692
-0.833077
-0.849431
-0.865777
-0.889653
-0.81197
-0.84863
-0.88075
-0.801449
-0.868894
-0.793926
-0.877987
-0.866738
-0.901126
-0.916307
-0.868493
-0.92333
-0.890603
-0.953515
-0.879064
-0.912772
-0.912708
-0.901381
-0.929626
-0.897381
-0.915138
-0.913359
-0.866189
-0.839099
-0.831757
-0.80207
-0.735347
-0.740578
-0.827062
-0.811065
-0.837406
-0.828961
-0.772342
-0.84177
-0.794519
-0.76113
-0.756405
-0.844078
-0.824108
-0.831441
-0.797752
-0.790638
-0.81943
-0.807843
-0.837806
-0.792233
-0.722059
-0.824548
-0.859391
-0.810837
-0.807556
-0.918152
-0.89683
-0.890761
-0.844783
-0.763477
-0.766616
-0.785976
-0.805562
-0.809133
-0.735526
-0.898898
-0.898696
-0.806225
-0.839249
-0.908885
-0.925292
-0.891665
-0.898932
-0.899105
-0.937178
-0.862226
-0.967549
-0.980567
-0.994456
-0.9061
-0.917281
-0.801981
-0.845398
-0.843329
-0.879877
-0.943576
-0.912879
-0.872573
-0.870804
-0.824542
-0.829821
-0.822337
-0.78166
-0.811516
-0.930552
-0.868358
-0.828474
-0.899778
-0.829586
-0.860224
-0.825317
-0.897759
-0.859634
-0.825329
-0.751134
-0.665881
-0.8154
-0.792495
-0.752083
-0.805969
-0.822496
-0.854634
-0.89097
-0.886477
-0.913051
-0.935022
-0.850314
-0.839839
-0.828137
-0.873403
-0.835523
-0.830664
-0.824271
-0.778894
-0.846922
-0.901384
-0.854859
-0.885307
-0.910929
-0.801511
-0.832162
-0.868009
-0.839434
-0.878758
-0.841275
-0.802443
-0.747875
-0.835373
-0.857011
-0.886039
-0.89479
-0.973748
-0.929107
-0.930954
-0.929769
-0.900254
-0.773332
-0.726133
-0.838479
-0.841173
-0.914416
-0.942267
-0.894894
-0.894422
-0.894071
-0.899699
-0.876742
-0.922292
-0.975216
-0.878763
-0.932617
-0.965639
-1.02148
-1.02529
-0.975663
-0.967123
-0.999181
-0.981764
-0.959034
-0.954121
-0.926459
-0.885312
-0.919116
-0.857914
-0.844088
-0.899057
-0.890567
-0.872419
-0.868083
-0.817769
-0.844545
-0.884038
-0.860103
-0.859685
-0.919506
-0.912353
-0.940725
-0.967356
-0.935957
-0.882112
-0.892898
-0.949807
-0.939091
-0.89837
-0.871477
-0.901392
-0.884126
-0.918065
-0.916934
-0.901253
-0.900531
-0.835522
-0.884541
-0.86529
-0.802234
-0.821928
-0.915164
-0.891058
-0.865893
-0.920402
-0.919716
-0.887818
-0.849562
-0.889763
-0.802517
-0.786055
-0.767974
-0.754285
-0.753819
-0.722827
-0.700717
-0.796962
-0.821461
-0.763
-0.814123
-0.835043
-0.871944
-0.88177
-0.875896
-0.845966
-0.833967
-0.827071
-0.818179
-0.833107
-0.760784
-0.738271
-0.730056
-0.663109
-0.746505
-0.802317
-0.853802
-0.871536
-0.883452
-0.934402
-0.940004
-0.856201
-0.784821
-0.84507
-0.871289
-0.753107
-0.827894
-0.892294
-0.831585
-0.845561
-0.825193
-0.824642
-0.889968
-0.828374
-0.774583
-0.641393
-0.779698
-0.890039
-0.875715
-0.81677
-0.819084
-0.791979
-0.873593
-0.833309
-0.844188
-0.857951
-0.916217
-0.846537
-0.93104
-0.928693
-0.922132
-0.863029
-0.855891
-0.816856
-0.825224
-0.784687
-0.858247
-0.871186
-0.81282
-0.835747
-0.875702
-0.883949
-0.810734
-0.890051
-0.848083
-0.821347
-0.713932
-0.861
-0.908257
-0.866693
-0.849078
-0.831048
-0.840313
-0.821894
-0.74214
-0.735548
-0.761425
-0.730733
-0.779998
-0.755133
-0.846899
-0.795772
-0.723205
-0.746981
-0.754069
-0.812482
-0.777622
-0.80833
-0.797804
-0.810788
-0.797732
-0.824245
-0.78879
-0.733005
-0.780349
-0.806901
-0.790557
-0.827304
-0.798636
-0.820271
-0.819614
-0.856453
-0.906928
-0.888111
-0.828376
-0.877605
-0.837098
-0.82867
-0.847452
-0.857954
-0.868157
-0.801376
-0.845671
-0.829433
-0.832681
-0.79724
-0.762996
-0.885953
-0.84777
-0.863726
-0.780631
-0.757399
-0.805668
-0.84941
-0.836933
-0.838082
-0.824505
-0.818145
-0.839252
-0.813419
-0.767925
-0.735325
-0.753199
-0.781589
-0.76611
-0.738113
-0.763732
-0.790159
-0.789317
-0.830697
-0.847992
-0.768102
-0.795152
-0.840454
-0.799236
-0.807746
-0.783608
-0.773363
-0.80203
-0.81693
-0.81365
-0.781295
-0.788153
-0.767488
-0.737458
-0.793057
-0.717965
-0.68762
-0.728135
-0.676963
-0.715834
-0.744144
-0.818522
-0.771653
-0.894792
-0.831623
-0.815194
-0.77768
-0.847723
-0.842732
-0.819047
-0.829724
-0.804871
-0.813452
-0.756973
-0.796484
-0.837123
-0.756509
-0.770413
-0.73147
-0.775468
-0.74017
-0.807049
-0.766419
-0.828464
-0.835582
-0.809466
-0.853529
-0.815103
-0.817143
-0.762942
-0.814965
-0.892324
-0.82631
-0.872984
-0.926057
-0.848194
-0.88311
-0.859872
-0.840486
-0.89937
-0.931061
-0.882481
-0.862959
-0.834086
-0.807479
-0.834591
-0.723694
-0.763685
-0.700256
-0.708914
-0.671124
-0.788413
-0.776094
-0.798944
-0.74419
-0.685024
-0.574366
-0.693658
-0.689898
-0.713548
-0.677638
-0.751945
-0.733943
-0.809569
-0.834949
-0.817377
-0.80443
-0.798408
-0.819019
-0.755754
-0.728161
-0.703878
-0.706653
-0.759469
-0.803305
-0.765508
-0.752069
-0.731163
-0.88356
-0.856759
-0.780489
-0.7643
-0.817128
-0.765098
-0.800712
-0.819579
-0.777702
-0.786636
-0.855965
-0.88959
-0.873934
-0.773625
-0.781772
-0.781016
-0.696984
-0.722509
-0.706594
-0.692573
-0.684052
-0.713265
-0.737029
-0.664128
-0.744156
-0.781652
-0.724534
-0.710162
-0.76732
-0.677781
-0.700475
-0.714799
-0.766825
-0.764026
-0.763035
-0.813443
-0.801132
-0.836841
-0.865726
-0.885174
-0.914978
-0.875932
-0.890383
-0.851456
-0.738486
-0.720067
-0.820388
-0.829795
-0.843384
-0.869819
-0.835358
-0.771397
-0.830401
-0.857152
-0.882314
-0.975982
-0.969593
-0.967179
-0.909346
-0.926086
-0.894662
-0.899187
-0.843746
-0.833553
-0.890245
-0.817862
-0.814964
-0.812104
-0.809495
-0.733592
-0.785264
-0.766206
-0.754483
-0.749116
-0.768756
-0.74397
-0.782827
-0.730649
-0.775395
-0.730677
-0.734954
-0.701257
-0.682435
-0.702193
-0.729241
-0.758881
-0.683933
-0.706457
-0.68547
-0.749595
-0.753772
-0.748536
-0.865999
-0.804866
-0.769636
-0.733376
-0.793479
-0.716059
-0.749109
-0.800964
-0.794004
-0.76739
-0.818548
-0.826375
-0.83825
-0.836549
-0.847162
-0.806042
-0.732328
-0.77938
-0.82274
-0.832106
-0.799012
-0.75152
-0.757078
-0.755458
-0.773473
-0.696656
-0.723098
-0.799633
-0.774054
-0.873349
-0.757151
-0.805458
-0.793843
-0.759182
-0.79172
-0.706855
-0.737187
-0.737044
-0.775814
-0.733931
-0.72815
-0.776007
-0.796646
-0.791851
-0.780046
-0.756062
-0.805708
-0.807851
-0.800103
-0.81237
-0.782489
-0.81467
-0.773575
-0.737492
-0.802462
-0.806134
-0.801098
-0.78108
-0.775227
-0.794676
-0.788663
-0.739157
-0.753026
-0.731415
-0.828298
-0.893407
-0.80662
-0.844042
-0.817667
-0.705559
-0.735511
-0.779394
-0.834052
-0.835805
-0.816449
-0.79283
-0.76391
-0.753727
-0.713675
-0.755536
-0.772581
-0.721251
-0.768994
-0.699798
-0.785797
-0.829899
-0.808966
-0.745933
-0.804872
-0.758998
-0.682933
-0.721639
-0.677168
-0.756748
-0.832445
-0.798137
-0.760183
-0.735526
-0.747997
-0.77992
-0.770113
-0.718831
-0.724763
-0.811653
-0.782991
-0.81164
-0.793477
-0.734642
-0.780096
-0.804226
-0.802166
-0.849877
-0.845923
-0.708902
-0.828462
-0.772386
-0.802604
-0.766347
-0.831055
-0.828694
-0.842763
-0.840817
-0.811294
-0.853054
-0.880761
-0.863964
-0.824731
-0.723135
-0.767805
-0.749516
-0.830895
-0.872035
-0.849295
-0.908412
-0.874356
-0.809434
-0.751426
-0.7945
-0.797524
-0.74555
-0.721139
-0.696231
-0.679055
-0.645687
-0.73259
-0.745084
-0.688702
-0.748207
-0.795215
-0.768592
-0.790909
-0.798586
-0.788664
-0.725793
-0.714033
-0.803428
-0.743809
-0.736847
-0.723625
-0.700586
-0.685462
-0.719342
-0.706854
-0.691149
-0.730358
-0.718545
-0.669786
-0.753035
-0.75019
-0.675817
-0.754283
-0.751323
-0.739704
-0.769876
-0.809959
-0.805285
-0.795297
-0.822034
-0.796148
-0.79978
-0.720556
-0.81358
-0.838575
-0.759256
-0.826814
-0.691496
-0.780742
-0.74165
-0.736546
-0.72398
-0.787573
-0.763986
-0.806835
-0.764916
-0.793538
-0.852017
-0.836701
-0.754074
-0.758031
-0.653578
-0.708483
-0.768703
-0.720887
-0.679258
-0.744656
-0.673329
-0.717767
-0.750302
-0.75557
-0.712671
-0.690043
-0.671359
-0.680745
-0.787218
-0.757101
-0.802219
-0.727463
-0.701762
-0.774575
-0.760907
-0.796936
-0.807192
-0.813162
-0.81792
-0.814518
-0.774886
-0.752787
-0.695824
-0.737849
-0.770125
-0.792121
-0.790728
-0.793914
-0.765147
-0.808952
-0.790493
-0.738327
-0.70994
-0.632034
-0.648546
-0.726644
-0.783821
-0.68563
-0.730758
-0.719172
-0.694654
-0.661919
-0.648123
-0.728996
-0.657258
-0.739956
-0.676891
-0.644738
-0.74959
-0.696282
-0.715971
-0.753245
-0.747217
-0.733113
-0.811088
-0.784684
-0.813973
-0.819205
-0.884148
-0.85899
-0.890111
-0.915529
-0.849296
-0.867279
-0.853733
-0.892654
-0.84984
-0.797512
-0.853521
-0.815837
-0.826407
-0.841847
-0.829817
-0.811025
-0.750191
-0.748008
-0.758412
-0.773681
-0.76951
-0.765899
-0.787348
-0.77684
-0.769106
-0.815884
-0.805368
-0.819271
-0.800986
-0.838326
-0.857645
-0.833268
-0.881822
-0.962458
-0.924746
-0.874618
-0.84096
-0.868757
-0.836863
-0.795805
-0.836498
-0.805005
-0.806112
-0.747493
-0.778527
-0.741411
-0.819744
-0.81164
-0.769231
-0.796173
-0.769709
-0.730826
-0.764203
-0.791227
-0.735896
-0.722883
-0.749825
-0.737581
-0.742227
-0.765646
-0.801415
-0.74341
-0.756234
-0.726018
-0.72743
-0.701471
-0.71187
-0.762805
-0.810027
-0.81243
-0.680073
-0.771013
-0.733289
-0.753438
-0.738452
-0.820806
-0.808095
-0.807017
-0.758987
-0.715521
-0.749833
-0.701143
-0.679481
-0.739943
-0.842065
-0.821215
-0.847143
-0.772783
-0.795076
-0.788292
-0.784055
-0.773711
-0.755083
-0.807534
-0.841613
-0.827841
-0.885533
-0.831845
-0.868667
-0.809625
-0.870064
-0.859087
-0.800227
-0.800038
-0.827311
-0.793473
-0.839823
-0.778914
-0.805433
-0.849754
-0.779493
-0.797404
-0.743135
-0.776642
-0.746149
-0.717912
-0.752301
-0.764794
-0.83407
-0.847005
-0.866718
-0.834558
-0.806673
-0.72869
-0.807943
-0.770715
-0.700913
-0.697075
-0.698612
-0.744756
-0.731963
-0.722851
-0.697926
-0.687591
-0.696256
-0.637637
-0.674057
-0.701326
-0.673594
-0.688623
-0.725907
-0.629658
-0.587616
-0.724259
-0.793543
-0.801548
-0.763568
-0.769483
-0.755656
-0.764839
-0.782254
-0.822909
-0.824817
-0.824639
-0.842106
-0.829056
-0.759824
-0.655148
-0.736562
-0.713987
-0.814437
-0.821666
-0.799906
-0.83204
-0.824902
-0.812624
-0.81829
-0.786229
-0.766769
-0.802828
-0.794586
-0.720231
-0.752856
-0.802222
-0.818045
-0.859722
-0.805882
-0.756386
-0.793562
-0.75333
-0.764239
-0.745289
-0.747326
-0.785271
-0.764288
-0.756826
-0.823842
-0.797405
-0.866186
-0.826518
-0.819313
-0.824998
-0.824314
-0.814652
-0.863658
-0.862388
-0.793242
-0.851135
-0.87955
-0.819382
-0.852873
-0.853164
-0.886127
-0.885594
-0.878871
-0.930574
-0.874124
-0.82914
-0.816518
-0.908624
-0.872095
-0.851986
-0.960024
-0.907127
-0.806182
-0.89672
-0.966581
-0.987819
-0.974903
-0.918929
-0.899731
-0.934349
-0.847315
-0.87559
-0.909473
-0.833943
-0.864281
-0.905051
-0.89535
-0.89091
-0.82593
-0.832495
-0.819936
-0.818929
-0.766877
-0.77676
-0.782691
-0.734609
-0.789009
-0.774413
-0.827777
-0.859261
-0.93622
-0.957034
-0.958626
-0.974348
-0.91877
-0.912564
-0.89706
-0.867509
-0.866363
-0.849855
-0.81915
-0.803311
-0.820612
-0.898772
-0.892532
-0.856803
-0.819088
-0.85383
-0.869286
-0.855401
-0.801203
-0.787099
-0.822186
-0.848919
-0.828233
-0.863875
-0.849659
-0.814941
-0.761059
-0.8126
-0.719739
-0.746731
-0.770014
-0.878965
-0.896573
-0.80279
-0.787549
-0.744091
-0.708563
-0.745968
-0.735986
-0.768602
-0.768179
-0.800654
-0.730324
-0.76928
-0.726507
-0.74791
-0.744306
-0.724425
-0.748533
-0.750715
-0.748929
-0.631254
-0.768529
-0.762717
-0.822773
-0.800332
-0.77601
-0.778635
-0.749059
-0.766308
-0.753181
-0.818854
-0.757722
-0.762287
-0.750104
-0.713193
-0.71658
-0.818095
-0.825868
-0.828507
-0.81718
-0.902611
-0.867985
-0.883161
-0.803282
-0.821373
-0.809269
-0.78135
-0.861654
-0.85165
-0.852196
-0.893415
-0.897119
-0.823643
-0.83333
-0.768015
-0.75019
-0.749484
-0.757973
-0.831665
-0.874056
-0.856751
-0.860055
-0.893255
-0.73227
-0.7902
-0.809991
-0.826194
-0.908855
-0.880988
-0.874976
-0.83971
-0.861716
-0.845762
-0.821958
-0.873565
-0.854677
-0.921353
-0.73759
-0.773839
-0.831739
-0.838853
-0.844472
-0.857231
-0.9082
-0.889032
-0.861534
-0.866048
-0.887993
-0.801801
-0.851104
-0.788714
-0.807639
-0.849794
-0.83479
-0.806563
-0.745221
-0.830213
-0.902744
-0.874724
-0.791946
-0.824739
-0.778718
-0.83051
-0.861607
-0.841155
-0.787247
-0.788217
-0.820226
-0.808408
-0.807349
-0.790292
-0.745158
-0.726124
-0.755194
-0.774604
-0.736264
-0.777644
-0.839161
-0.740961
-0.86119
-0.783763
-0.808024
-0.866554
-0.875218
-0.870292
-0.893485
-0.889166
-0.817624
-0.828789
-0.871037
-0.892495
-0.779915
-0.805947
-0.746593
-0.805348
-0.86956
-0.848708
-0.828545
-0.824256
-0.790193
-0.773978
-0.770959
-0.772124
-0.817969
-0.832222
-0.785544
-0.75826
-0.740535
-0.743354
-0.803384
-0.769196
-0.735402
-0.701989
-0.775014
-0.770827
-0.723977
-0.674611
-0.686375
-0.681288
-0.708641
-0.60903
-0.624786
-0.720121
-0.787021
-0.767573
-0.685444
-0.751054
-0.709761
-0.789668
-0.734889
-0.739886
-0.671521
-0.83191
-0.847916
-0.842096
-0.801865
-0.868779
-0.820427
-0.762934
-0.740603
-0.811485
-0.770798
-0.823065
-0.887007
-0.853776
-0.766655
-0.693872
-0.745433
-0.600283
-0.68356
-0.783721
-0.681681
-0.753548
-0.708404
-0.701594
-0.765994
-0.771384
-0.7444
-0.775029
-0.764098
-0.741477
-0.697889
-0.662863
-0.720372
-0.754268
-0.810011
-0.832923
-0.818755
-0.812904
-0.845466
-0.84506
-0.736008
-0.797282
-0.835068
-0.762516
-0.73266
-0.762634
-0.754737
-0.773309
-0.803091
-0.757007
-0.75034
-0.755342
-0.836212
-0.815246
-0.789895
-0.755881
-0.716214
-0.718302
-0.699628
-0.728082
-0.742127
-0.719774
-0.749368
-0.711092
-0.744583
-0.737103
-0.73738
-0.783918
-0.840824
-0.826028
-0.797744
-0.798791
-0.829053
-0.834339
-0.794369
-0.817355
-0.872173
-0.810837
-0.831847
-0.82587
-0.80538
-0.810294
-0.806342
-0.814051
-0.749455
-0.750487
-0.750372
-0.65929
-0.672615
-0.762305
-0.881461
-0.80141
-0.865982
-0.847904
-0.762538
-0.827525
-0.927962
-0.837829
-0.865905
-0.869578
-0.957271
-0.911216
-0.84352
-0.798567
-0.754982
-0.78669
-0.828118
-0.704258
-0.837373
-0.826612
-0.807882
-0.819446
-0.756564
-0.863656
-0.7017
-0.746643
-0.771638
-0.784763
-0.846327
-0.82907
-0.842388
-0.803023
-0.76011
-0.798866
-0.752818
-0.723037
-0.734108
-0.730309
-0.715422
-0.705029
-0.703191
-0.748924
-0.76984
-0.740521
-0.727029
-0.741777
-0.748837
-0.78779
-0.747273
-0.77812
-0.75999
-0.79851
-0.775675
-0.803712
-0.780612
-0.837516
-0.764519
-0.768833
-0.808231
-0.777682
-0.782606
-0.728409
-0.730083
-0.734805
-0.730815
-0.757514
-0.74814
-0.738622
-0.780749
-0.814075
-0.761948
-0.717933
-0.753679
-0.821419
-0.80535
-0.826573
-0.781625
-0.76674
-0.798918
-0.817353
-0.835854
-0.744662
-0.835241
-0.800585
-0.802929
-0.707717
-0.727762
-0.738005
-0.813079
-0.718802
-0.806129
-0.779425
-0.774783
-0.715521
-0.721137
-0.81076
-0.795975
-0.769269
-0.781281
-0.792867
-0.809605
-0.790287
-0.800932
-0.883142
-0.90133
-0.912379
-0.837921
-0.765829
-0.716597
-0.68428
-0.714818
-0.835683
-0.879627
-0.759119
-0.816149
-0.845594
-0.851658
-0.866484
-0.809604
-0.904735
-0.926148
-0.848044
-0.79791
-0.81803
-0.810926
-0.84268
-0.783858
-0.793057
-0.794819
-0.812498
-0.836788
-0.84282
-0.813665
-0.791942
-0.733061
-0.82856
-0.758084
-0.759043
-0.773978
-0.77501
-0.81534
-0.793786
-0.852044
-0.823238
-0.8335
-0.843014
-0.88713
-0.887969
-0.880444
-0.820584
-0.841036
-0.844577
-0.77485
-0.798665
-0.734717
-0.683882
-0.753447
-0.817997
-0.835083
-0.864098
-0.843671
-0.786303
-0.815224
-0.840499
-0.877648
-0.886842
-0.887273
-0.906056
-0.876352
-0.912724
-0.974679
-0.912567
-0.812588
-0.844937
-0.906949
-0.889707
-0.962191
-0.873422
-0.894854
-0.858996
-0.848827
-0.880339
-0.854941
-0.878583
-0.808565
-0.770207
-0.815405
-0.79478
-0.804045
-0.820274
-0.816575
-0.800895
-0.748142
-0.758793
-0.675037
-0.70387
-0.769949
-0.737015
-0.816195
-0.811999
-0.849719
-0.786834
-0.75827
-0.689083
-0.740978
-0.834115
-0.787605
-0.841182
-0.846815
-0.824385
-0.85921
-0.839162
-0.808345
-0.850302
-0.885494
-0.809277
-0.830032
-0.837059
-0.852201
-0.8605
-0.839738
-0.799266
-0.815293
-0.920285
-0.919237
-0.91213
-0.890856
-0.960587
-1.0182
-0.952402
-0.922554
-0.951214
-1.03055
-0.98545
-0.951682
-0.790364
-0.863124
-0.849885
-0.919706
-0.835868
-0.885042
-0.880406
-0.869319
-0.858302
-0.834628
-0.837842
-0.805377
-0.79558
-0.757278
-0.754942
-0.678849
-0.822265
-0.776081
-0.838732
-0.817966
-0.880463
-0.865567
-0.898723
-0.845016
-0.839257
-0.816593
-0.793711
-0.82207
-0.817344
-0.818172
-0.838857
-0.802553
-0.848884
-0.849259
-0.861362
-0.843661
-0.940305
-0.924118
-0.900006
-0.915662
-0.881125
-0.875925
-0.867291
-0.855718
-0.86605
-0.856087
-0.884151
-0.870379
-0.818228
-0.936223
-0.899646
-0.866069
-0.825764
-0.804721
-0.815629
-0.823452
-0.863669
-0.876546
-0.846994
-0.893612
-0.827762
-0.902254
-0.863627
-0.879363
-0.869615
-0.862975
-0.80098
-0.842113
-0.856086
-0.921409
-0.931527
-0.843676
-0.829324
-0.855543
-0.873767
-0.818385
-0.835189
-0.831166
-0.794483
-0.71141
-0.749314
-0.669744
-0.814576
-0.796577
-0.770601
-0.76011
-0.846406
-0.775834
-0.813579
-0.816837
-0.822521
-0.784024
-0.786673
-0.751048
-0.81574
-0.754702
-0.771053
-0.834425
-0.82658
-0.753828
-0.791642
-0.767555
-0.723226
-0.747954
-0.688108
-0.725301
-0.744966
-0.842545
-0.738151
-0.711114
-0.75832
-0.740958
-0.800597
-0.85221
-0.832613
-0.824335
-0.903009
-0.87759
-0.86895
-0.91285
-0.843022
-0.782405
-0.801127
-0.871404
-0.891279
-0.881853
-0.871725
-0.867056
-0.850209
-0.84196
-0.859552
-0.830417
-0.823889
-0.844409
-0.798909
-0.809415
-0.777953
-0.748544
-0.819845
-0.790674
-0.835939
-0.761047
-0.721044
-0.670596
-0.655715
-0.646795
-0.68467
-0.6545
-0.674199
-0.850367
-0.809577
-0.787613
-0.819747
-0.809856
-0.838655
-0.8341
-0.851526
-0.854445
-0.725874
-0.835571
-0.902369
-0.970291
-0.900849
-0.906667
-0.863595
-0.738859
-0.668158
-0.726071
-0.724301
-0.779856
-0.731156
-0.790322
-0.879098
-0.832585
-0.773698
-0.852428
-0.758305
-0.768316
-0.702507
-0.758189
-0.756502
-0.766866
-0.788089
-0.783579
-0.776234
-0.7589
-0.690297
-0.820953
-0.864506
-0.849513
-0.86267
-0.945111
-0.938958
-0.881539
-0.782064
-0.907957
-0.932578
-0.921329
-0.900085
-0.886778
-0.831001
-0.792931
-0.722923
-0.763948
-0.6976
-0.738219
-0.703028
-0.736454
-0.746902
-0.768676
-0.78704
-0.826261
-0.78401
-0.735446
-0.793232
-0.832418
-0.893105
-0.807242
-0.808205
-0.804452
-0.750882
-0.759135
-0.792687
-0.723724
-0.76699
-0.798463
-0.798399
-0.723042
-0.738711
-0.779125
-0.791579
-0.76494
-0.818796
-0.838382
-0.838977
-0.812912
-0.850068
-0.836292
-0.835875
-0.819467
-0.783845
-0.784932
-0.782429
-0.781686
-0.817619
-0.811043
-0.749121
-0.750916
-0.679455
-0.767271
-0.722972
-0.800155
-0.811007
-0.797342
-0.760724
-0.773234
-0.728549
-0.7177
-0.71944
-0.718031
-0.76844
-0.782221
-0.76723
-0.759455
-0.778516
-0.795575
-0.711814
-0.749174
-0.780948
-0.825021
-0.822154
-0.826043
-0.803021
-0.856955
-0.842472
-0.871784
-0.84
-0.765634
-0.837824
-0.760678
-0.832596
-0.86783
-0.895568
-0.873093
-0.883286
-0.892747
-0.83229
-0.825529
-0.881101
-0.794913
-0.830203
-0.815942
-0.781298
-0.794548
-0.794433
-0.891822
-0.896433
-0.860154
-0.817024
-0.818434
-0.800047
-0.793
-0.705966
-0.731765
-0.722667
-0.765167
-0.765952
-0.763446
-0.767375
-0.740113
-0.649023
-0.711021
-0.826252
-0.80741
-0.79376
-0.793613
-0.823333
-0.778326
-0.837628
-0.807187
-0.826667
-0.831513
-0.74183
-0.760447
-0.683242
-0.775972
-0.774143
-0.804194
-0.846045
-0.83546
-0.888191
-0.873749
-0.82707
-0.898451
-0.804281
-0.765469
-0.825423
-0.808669
-0.738079
-0.767047
-0.716703
-0.821951
-0.81939
-0.864466
-0.836959
-0.755381
-0.78346
-0.84526
-0.761006
-0.7902
-0.763086
-0.816764
-0.842317
-0.810009
-0.881271
-0.838568
-0.842732
-0.853858
-0.837185
-0.814171
-0.840452
-0.855353
-0.853798
-0.804798
-0.739146
-0.832211
-0.822253
-0.88412
-0.826933
-0.895269
-0.879731
-0.854727
-0.831301
-0.856834
-0.842118
-0.88903
-0.719069
-0.780006
-0.735517
-0.713755
-0.752347
-0.77006
-0.736317
-0.78373
-0.784666
-0.789872
-0.735293
-0.831802
-0.852104
-0.878829
-0.78414
-0.824306
-0.779819
-0.755682
-0.731037
-0.826654
-0.835853
-0.882327
-0.872705
-0.817695
-0.762339
-0.774279
-0.834092
-0.858178
-0.81548
-0.828436
-0.853056
-0.87748
-0.932306
-0.895983
-0.908632
-0.889991
-0.894762
-0.864606
-0.867665
-0.832908
-0.744314
-0.832063
-0.86435
-0.847785
-0.662449
-0.711164
-0.79865
-0.791285
-0.794877
-0.815417
-0.786478
-0.753284
-0.75709
-0.755157
-0.766298
-0.760049
-0.745473
-0.757753
-0.711662
-0.723236
-0.681377
-0.694984
-0.767982
-0.760621
-0.764515
-0.758642
-0.713866
-0.72576
-0.712317
-0.768841
-0.779057
-0.72902
-0.713782
-0.649779
-0.657542
-0.679476
-0.601682
-0.684795
-0.693874
-0.739366
-0.707277
-0.739812
-0.798345
-0.746192
-0.805966
-0.797551
-0.76541
-0.768645
-0.757922
-0.686466
-0.765109
-0.77891
-0.766226
-0.722074
-0.731399
-0.7581
-0.678066
-0.767724
-0.76722
-0.69507
-0.796521
-0.802997
-0.78533
-0.767822
-0.836697
-0.787163
-0.836213
-0.84935
-0.778348
-0.828246
-0.801987
-0.828096
-0.768842
-0.753895
-0.788928
-0.811303
-0.808694
-0.893427
-0.856652
-0.812059
-0.848011
-0.848941
-0.839534
-0.825185
-0.826103
-0.76218
-0.791919
-0.766655
-0.819119
-0.740041
-0.769095
-0.796289
-0.774212
-0.778208
-0.820377
-0.857642
-0.884396
-0.796604
-0.822148
-0.801839
-0.796005
-0.867443
-0.878092
-0.87623
-0.86416
-0.857294
-0.819919
-0.829074
-0.767558
-0.86038
-0.895537
-0.871121
-0.868318
-0.854998
-0.854968
-0.849491
-0.879038
-0.854845
-0.821137
-0.896042
-0.828058
-0.852309
-0.835981
-0.893184
-0.907349
-0.86489
-0.856202
-0.79411
-0.806267
-0.767393
-0.69481
-0.735164
-0.762779
-0.80128
-0.817607
-0.804385
-0.815217
-0.828626
-0.831822
-0.76173
-0.808478
-0.783943
-0.767633
-0.790875
-0.828791
-0.8386
-0.893475
-0.855324
-0.825027
-0.797545
-0.847201
-0.856769
-0.84495
-0.80822
-0.792608
-0.854398
-0.784627
-0.778747
-0.749417
-0.825728
-0.836767
-0.854121
-0.808387
-0.799413
-0.820561
-0.767101
-0.754176
-0.798319
-0.71231
-0.722613
-0.676419
-0.769403
-0.843448
-0.89629
-0.889471
-0.893061
-0.903147
-0.928518
-0.926994
-0.945645
-0.858825
-0.849004
-0.876959
-0.904223
-0.953704
-0.923893
-0.933549
-0.910471
-0.964844
-0.976023
-0.908752
-0.877015
-0.799664
-0.737384
-0.808159
-0.807639
-0.773159
-0.79255
-0.809811
-0.847646
-0.83038
-0.830173
-0.807647
-0.789754
-0.801193
-0.855236
-0.874136
-0.843375
-0.857759
-0.83419
-0.837209
-0.80357
-0.784843
-0.779709
-0.802464
-0.851783
-0.822414
-0.873341
-0.84949
-0.892088
-0.906215
-0.920469
-0.861932
-0.905553
-1.00657
-0.991039
-0.956368
-0.954251
-0.974741
-0.850072
-0.891079
-0.86396
-0.912448
-0.890323
-0.882702
-0.820942
-0.795371
-0.790897
-0.773632
-0.838036
-0.827778
-0.77842
-0.794666
-0.763155
-0.768647
-0.839739
-0.785084
-0.718568
-0.738662
-0.731992
-0.769547
-0.765646
-0.768724
-0.757919
-0.776071
-0.65764
-0.744933
-0.733957
-0.790768
-0.837885
-0.73258
-0.700224
-0.746384
-0.728262
-0.789904
-0.742399
-0.761385
-0.753671
-0.750954
-0.784803
-0.785924
-0.77817
-0.805088
-0.810157
-0.801213
-0.832179
-0.762661
-0.816358
-0.804864
-0.793329
-0.761574
-0.762218
-0.758788
-0.637214
-0.744888
-0.724506
-0.692292
-0.611928
-0.69296
-0.760486
-0.824499
-0.75618
-0.780804
-0.733807
-0.820986
-0.834728
-0.851989
-0.86164
-0.910084
-0.834525
-0.855312
-0.855277
-0.922115
-0.893591
-0.915461
-0.907236
-0.853683
-0.880782
-0.784378
-0.922403
-0.892862
-0.894406
-0.88768
-0.952255
-0.983781
-0.945428
-0.909512
-0.864934
-0.885354
-0.864724
-0.855082
-0.922118
-0.897668
-0.865116
-0.774028
-0.832474
-0.918111
-0.959508
-0.902189
-0.900887
-0.875038
-0.889064
-0.861227
-0.782059
-0.828571
-0.845693
-0.905486
-0.868198
-0.858885
-0.861192
-0.855832
-0.871415
-0.883687
-0.850852
-0.897689
-0.895301
-0.865842
-0.892345
-0.878562
-0.915815
-0.842145
-0.821979
-0.892943
-0.880293
-0.830279
-0.845434
-0.891092
-0.898981
-0.836862
-0.838381
-0.881543
-0.858876
-0.871903
-0.891244
-0.883535
-0.901651
-0.814724
-0.84963
-0.87506
-0.943172
-0.922417
-0.912656
-0.942373
-0.91888
-0.931717
-0.952804
-0.969543
-0.960657
-1.00218
-1.05065
-1.03144
-0.9254
-0.957121
-0.895744
-0.926772
-0.960302
-0.917099
-0.878563
-0.893318
-0.917084
-0.964303
-0.943885
-0.881857
-0.869292
-0.802045
-0.806902
-0.805698
-0.857636
-0.79034
-0.859103
-0.899386
-0.953285
-0.956326
-1.00095
-0.984697
-0.976518
-0.998469
-1.04354
-1.01977
-0.997393
-0.951825
-0.909728
-0.928906
-0.869968
-0.786141
-0.761745
-0.834614
-0.871369
-0.832574
-0.832135
-0.83877
-0.901706
-0.847669
-0.904074
-0.804749
-0.795544
-0.879155
-0.858773
-0.866054
-0.911492
-0.914056
-0.938942
-0.95805
-0.926616
-0.999255
-0.936434
-0.896632
-0.90657
-0.924348
-0.909936
-0.957548
-0.960539
-0.958276
-0.972536
-0.979485
-1.03653
-0.979858
-0.882198
-0.967716
-0.90749
-0.871526
-0.873324
-0.899064
-0.961936
-0.861297
-0.871723
-0.826101
-0.911702
-0.862748
-0.86722
-0.919132
-0.812127
-0.825543
-0.833048
-0.922778
-0.880072
-0.903849
-0.867877
-0.878496
-0.84872
-0.887256
-0.840808
-0.878924
-0.996698
-0.906434
-0.923774
-0.903385
-0.939479
-0.915252
-0.856472
-0.856195
-0.881826
-0.898992
-0.906779
-0.885267
-0.948059
-0.981214
-0.9294
-0.964691
-0.961806
-0.895666
-0.88972
-0.960738
-0.944084
-0.906863
-0.869589
-0.798673
-0.83983
-0.885302
-0.883369
-0.804125
-0.789615
-0.813023
-0.818075
-0.820551
-0.825331
-0.785522
-0.779776
-0.761827
-0.830746
-0.844793
-0.796116
-0.783526
-0.794155
-0.745062
-0.80601
-0.79275
-0.78713
-0.758579
-0.823824
-0.811677
-0.81038
-0.78457
-0.789563
-0.811328
-0.782671
-0.794708
-0.82658
-0.797531
-0.8217
-0.793682
-0.774105
-0.840162
-0.88129
-0.890898
-0.96514
-0.932341
-0.919852
-0.86974
-0.864333
-0.809838
-0.909735
-0.890091
-0.894412
-0.868467
-0.868622
-0.821374
-0.900525
-0.850944
-0.848131
-0.87426
-0.872488
-0.915325
-0.954944
-0.906588
-0.895643
-0.93724
-0.948177
-0.906542
-0.934827
-0.982466
-0.960035
-0.972858
-0.903012
-0.865
-0.908007
-0.880524
-0.898282
-0.997073
-0.845763
-0.939329
-0.968875
-0.914967
-0.898591
-0.882997
-0.868075
-0.866471
-0.846928
-0.857646
-0.923666
-0.94187
-0.918843
-0.873724
-0.832897
-0.853033
-0.894984
-0.873971
-0.971109
-0.997629
-1.00593
-0.998712
-1.03453
-0.947766
-0.950665
-0.960437
-0.924235
-0.967071
-0.996747
-0.899251
-0.966642
-0.900331
-0.92862
-0.834759
-0.879413
-0.896699
-0.918198
-0.863587
-0.86177
-0.852949
-0.862904
-0.854862
-0.859754
-0.868082
-0.954096
-0.934476
-0.937484
-0.955933
-0.950511
-0.842793
-0.916921
-0.774279
-0.868379
-0.854866
-0.931515
-0.908137
-0.908817
-0.935631
-0.948828
-0.942138
-0.929685
-0.898298
-0.834009
-0.789773
-0.85638
-0.895193
-0.949052
-0.954807
-0.948216
-0.921832
-0.926352
-0.884294
-0.938254
-0.881586
-0.892125
-0.931874
-0.884965
-0.874729
-0.913103
-0.901687
-0.937532
-0.891618
-0.899939
-0.822339
-0.824059
-0.86676
-0.855319
-0.817451
-0.833248
-0.822823
-0.88382
-0.8525
-0.865583
-0.795756
-0.86835
-0.859376
-0.857104
-0.866184
-0.780243
-0.772628
-0.811417
-0.825256
-0.796009
-0.83917
-0.916024
-0.919265
-0.920208
-0.944615
-0.910442
-0.883688
-0.859193
-0.856399
-0.836814
-0.851352
-0.758227
-0.848374
-0.849486
-0.908994
-0.881522
-0.871674
-0.870052
-0.874063
-0.812101
-0.818641
-0.823409
-0.773353
-0.857976
-0.911508
-0.836885
-0.84479
-0.85942
-0.896507
-0.965018
-0.952141
-0.88514
-0.885093
-0.903974
-0.91602
-0.890911
-0.85157
-0.829099
-0.840967
-0.838695
-0.815217
-0.861616
-0.820265
-0.861118
-0.854087
-0.894774
-0.830722
-0.876669
-0.837139
-0.874269
-0.873713
-0.917309
-0.861433
-0.865053
-0.857537
-0.848468
-0.871377
-0.83973
-0.802664
-0.846892
-0.847261
-0.761054
-0.822157
-0.837469
-0.784932
-0.891836
-0.893279
-0.897836
-0.861857
-0.842758
-0.770344
-0.776578
-0.834729
-0.829496
-0.772445
-0.822622
-0.798668
-0.81278
-0.864754
-0.834229
-0.90586
-0.89925
-0.880231
-0.89426
-0.897738
-0.935987
-0.92903
-0.820286
-0.817958
-0.772838
-0.826887
-0.842113
-0.889819
-0.867828
-0.905919
-0.923087
-0.859202
-0.809064
-0.841232
-0.778607
-0.860513
-0.847106
-0.771986
-0.809131
-0.762663
-0.823588
-0.859152
-0.794827
-0.80287
-0.796358
-0.78941
-0.792987
-0.873979
-0.741069
-0.803397
-0.925519
-0.882842
-0.845651
-0.716677
-0.877563
-0.908764
-0.974759
-0.939369
-0.906268
-0.958878
-0.911058
-0.913357
-0.890669
-0.876824
-0.884951
-0.825319
-0.857812
-0.836984
-0.799248
-0.822918
-0.870633
-0.867754
-0.852112
-0.722336
-0.784793
-0.843948
-0.850617
-0.895013
-0.841266
-0.874417
-0.861066
-0.825245
-0.926659
-0.887934
-0.859814
-0.926704
-0.935133
-0.887289
-0.795154
-0.882879
-0.85242
-0.806706
-0.774951
-0.79986
-0.803317
-0.784958
-0.82253
-0.822095
-0.852401
-0.923934
-0.896633
-0.866767
-0.918704
-0.929148
-0.908951
-0.914994
-0.911176
-0.931122
-0.901272
-0.894659
-0.91836
-0.926878
-0.909627
-0.870904
-0.889985
-0.868621
-0.922856
-0.949235
-0.889888
-0.828633
-0.876515
-0.832531
-0.836927
-0.866021
-0.878038
-0.910411
-0.890388
-0.945317
-0.956324
-0.928055
-0.989295
-0.939139
-0.939832
-0.908307
-0.924656
-0.864168
-0.896734
-0.795595
-0.842887
-0.84453
-0.855718
-0.837413
-0.884981
-0.871306
-0.886544
-0.910967
-0.872896
-0.796857
-0.731895
-0.660785
-0.608666
-0.641566
-0.706941
-0.787792
-0.82764
-0.718302
-0.717398
-0.739164
-0.740192
-0.737074
-0.730517
-0.75826
-0.7648
-0.727151
-0.708657
-0.75184
-0.726847
-0.67007
-0.683246
-0.757164
-0.732838
-0.780989
-0.68893
-0.679266
-0.732983
-0.752289
-0.774313
-0.828234
-0.821714
-0.776391
-0.775476
-0.78989
-0.797975
-0.832221
-0.828724
-0.790357
-0.737629
-0.701198
-0.730716
-0.788894
-0.760133
-0.776629
-0.770323
-0.809934
-0.767068
-0.830814
-0.815802
-0.787502
-0.769701
-0.802313
-0.817239
-0.805015
-0.833785
-0.779061
-0.817233
-0.807423
-0.873123
-0.903882
-0.877545
-0.904934
-0.802922
-0.773662
-0.775684
-0.82275
-0.88003
-0.842183
-0.776259
-0.761032
-0.841933
-0.808324
-0.741201
-0.836093
-0.901614
-0.918127
-0.887501
-0.839989
-0.796723
-0.830071
-0.847363
-0.843744
-0.794896
-0.829956
-0.78076
-0.769179
-0.778151
-0.826227
-0.850993
-0.824121
-0.835499
-0.914038
-0.89202
-0.792528
-0.825548
-0.869619
-0.837446
-0.894561
-0.90196
-0.950265
-0.939445
-0.915084
-0.882723
-0.893872
-0.819563
-0.89599
-0.814464
-0.825633
-0.819235
-0.856873
-0.909595
-0.90184
-0.913151
-0.96695
-0.879549
-0.89658
-0.88103
-0.867838
-0.833779
-0.881197
-0.918469
-0.919409
-0.883554
-0.908452
-0.87477
-0.904647
-0.877126
-0.864776
-0.818975
-0.840485
-0.858972
-0.865133
-0.836895
-0.830121
-0.837664
-0.907025
-0.934776
-0.846859
-0.892688
-0.904013
-0.876601
-0.909147
-0.751018
-0.694123
-0.718042
-0.736251
-0.855319
-0.830593
-0.738333
-0.786775
-0.775295
-0.853649
-0.800528
-0.787627
-0.762629
-0.809013
-0.775448
-0.851299
-0.767514
-0.855482
-0.752012
-0.865783
-0.860407
-0.877947
-0.893713
-0.849758
-0.780413
-0.828819
-0.757186
-0.792076
-0.824156
-0.79677
-0.770287
-0.834003
-0.822955
-0.83796
-0.843959
-0.895301
-0.853196
-0.767585
-0.772495
-0.695922
-0.743865
-0.733717
-0.73975
-0.802775
-0.786122
-0.760065
-0.731422
-0.682506
-0.69684
-0.703829
-0.653209
-0.679694
-0.784977
-0.85697
-0.892415
-0.885361
-0.904497
-0.841617
-0.829409
-0.773014
-0.760014
-0.771295
-0.80628
-0.774263
-0.881597
-0.812188
-0.823608
-0.786191
-0.773488
-0.848993
-0.820858
-0.834487
-0.800284
-0.865217
-0.854719
-0.855759
-0.796994
-0.757934
-0.705576
-0.765808
-0.717901
-0.737291
-0.710709
-0.769215
-0.720115
-0.795846
-0.819391
-0.8131
-0.787293
-0.799765
-0.789648
-0.754556
-0.768703
-0.795648
-0.716373
-0.641573
-0.739803
-0.781709
-0.736536
-0.700776
-0.816851
-0.750133
-0.812388
-0.753013
-0.753407
-0.711677
-0.731305
-0.787594
-0.726985
-0.689757
-0.736443
-0.75169
-0.713656
-0.758067
-0.757972
-0.77554
-0.802678
-0.751375
-0.741784
-0.794067
-0.802266
-0.775111
-0.789701
-0.797032
-0.767626
-0.7551
-0.744344
-0.797212
-0.673432
-0.765457
-0.794952
-0.724118
-0.763278
-0.73334
-0.724491
-0.69327
-0.711689
-0.744205
-0.713375
-0.706383
-0.702449
-0.76766
-0.725249
-0.667909
-0.704297
-0.736741
-0.842696
-0.786429
-0.756517
-0.800652
-0.74416
-0.651121
-0.80456
-0.818896
-0.772024
-0.775326
-0.743921
-0.736232
-0.784097
-0.843512
-0.839396
-0.748196
-0.77858
-0.765509
-0.836745
-0.842902
-0.84401
-0.845012
-0.805909
-0.769529
-0.769097
-0.824032
-0.782325
-0.774664
-0.760482
-0.848974
-0.862765
-0.806859
-0.867043
-0.841289
-0.861887
-0.887274
-0.868265
-0.811247
-0.67945
-0.772818
-0.825092
-0.913806
-0.917545
-0.904292
-0.90883
-0.920327
-0.890603
-0.871865
-0.858427
-0.838086
-0.831378
-0.861287
-0.842543
-0.745848
-0.825397
-0.980674
-0.937898
-0.967344
-1.0162
-1.02494
-1.02125
-1.01048
-0.913213
-0.951787
-0.991729
-0.945639
-0.87031
-0.821773
-0.894777
-0.970555
-0.955737
-0.954684
-0.972796
-0.858662
-0.796815
-0.841321
-0.953745
-1.02809
-0.996964
-0.997147
-0.987713
-0.97207
-0.94608
-0.929301
-0.934522
-0.992699
-0.966458
-0.98547
-1.06821
-1.08502
-1.02149
-1.09029
-1.09739
-1.04767
-0.970704
-1.00821
-1.03353
-0.938469
-0.954679
-0.972924
-0.929133
-1.00254
-1.00282
-1.08419
-1.01431
-1.01467
-1.00862
-1.03024
-0.986954
-0.99384
-1.05015
-1.02628
-1.01443
-1.02008
-0.995059
-1.02537
-1.03584
-1.04176
-1.0048
-1.03651
-1.031
-1.00744
-1.02402
-0.961494
-0.924367
-0.973061
-0.851469
-0.886164
-0.860453
-0.828513
-0.912456
-0.905376
-0.89569
-0.870516
-0.870727
-0.873715
-0.924971
-0.971797
-0.925781
-0.906669
-0.921209
-0.906527
-0.829449
-0.861281
-0.903037
-0.920266
-0.862123
-0.84748
-0.934737
-0.881081
-0.870488
-0.854159
-0.878065
-0.912475
-0.852699
-0.849251
-0.82933
-0.770009
-0.768179
-0.769744
-0.780538
-0.822027
-0.72648
-0.753071
-0.796803
-0.783605
-0.805984
-0.813967
-0.738215
-0.819405
-0.840834
-0.792672
-0.820614
-0.798063
-0.791748
-0.81606
-0.800382
-0.863486
-0.855531
-0.872393
-0.806615
-0.799525
-0.814805
-0.839407
-0.828871
-0.834332
-0.868152
-0.827183
-0.865993
-0.855748
-0.815637
-0.898727
-0.882395
-0.848871
-0.818782
-0.831976
-0.839929
-0.809451
-0.821132
-0.778244
-0.827244
-0.868627
-0.859391
-0.875654
-0.789133
-0.842502
-0.855558
-0.788722
-0.801205
-0.843339
-0.806192
-0.889769
-0.868133
-0.811242
-0.78747
-0.778234
-0.773778
-0.87583
-0.881691
-0.881311
-0.867648
-0.864945
-0.764556
-0.844265
-0.831062
-0.852563
-0.723052
-0.752257
-0.844965
-0.864759
-0.854326
-0.813801
-0.832077
-0.875114
-0.842882
-0.85955
-0.874832
-0.852404
-0.836442
-0.809335
-0.866264
-0.768594
-0.792826
-0.800658
-0.875801
-0.895949
-0.921565
-0.929909
-0.874259
-0.882703
-0.802591
-0.824028
-0.756316
-0.656089
-0.7891
-0.77386
-0.738178
-0.766041
-0.763229
-0.823055
-0.717165
-0.706168
-0.731455
-0.705648
-0.765926
-0.695037
-0.737553
-0.743825
-0.762946
-0.704293
-0.661605
-0.656152
-0.726751
-0.753991
-0.76184
-0.723492
-0.717101
-0.785531
-0.686236
-0.689639
-0.659069
-0.746069
-0.705358
-0.76338
-0.827224
-0.843179
-0.824026
-0.766477
-0.79489
-0.755622
-0.844864
-0.797432
-0.807162
-0.770194
-0.727419
-0.756184
-0.759506
-0.866264
-0.838514
-0.885295
-0.901578
-0.879255
-0.907177
-0.897787
-0.793532
-0.877108
-0.861839
-0.754093
-0.826269
-0.82526
-0.885233
-0.855309
-0.852422
-0.870332
-0.925925
-0.9355
-0.98093
-1.01086
-0.952374
-0.93169
-0.97406
-1.01327
-1.00831
-1.00356
-0.964742
-0.988143
-1.00348
-0.973485
-0.947766
-0.953753
-0.904584
-0.846101
-0.796778
-0.827388
-0.876141
-0.86475
-0.913497
-0.916226
-0.934018
-0.841862
-0.880148
-0.881928
-0.940912
-0.906851
-0.896538
-0.767023
-0.806996
-0.878823
-0.923668
-0.970312
-0.841103
-0.81751
-0.858053
-0.757714
-0.862455
-0.906604
-0.912645
-0.851178
-0.910763
-0.881474
-0.812736
-0.866526
-0.867042
-0.901217
-0.805578
-0.868129
-0.839741
-0.720937
-0.774813
-0.828523
-0.916268
-0.917146
-0.860307
-0.877626
-0.855395
-0.894045
-0.931854
-0.963066
-0.900976
-0.890315
-0.913276
-0.959813
-0.974708
-0.950356
-0.986194
-1.00463
-1.01909
-0.949502
-0.980453
-0.890782
-0.946345
-0.896315
-0.897917
-0.818373
-0.837147
-0.862804
-0.920399
-0.882854
-0.868147
-0.960601
-0.915974
-0.952833
-0.925657
-0.940587
-0.919627
-0.968319
-0.988915
-0.999582
-0.970747
-0.930175
-0.949683
-0.876038
-0.801874
-0.79837
-0.813484
-0.879848
-0.911291
-0.833068
-0.849424
-0.86813
-0.882035
-0.949936
-0.986457
-1.01795
-0.956858
-0.942478
-0.957446
-0.949856
-0.924459
-0.962008
-0.898924
-0.933354
-0.866113
-0.885939
-0.852004
-0.823903
-0.881627
-0.863062
-0.850371
-0.855405
-0.861047
-0.920403
-0.870314
-0.959337
-0.980542
-0.972884
-0.882769
-0.777965
-0.757478
-0.762475
-0.736781
-0.740234
-0.75801
-0.720221
-0.738593
-0.808343
-0.73368
-0.753344
-0.848024
-0.789042
-0.777741
-0.825188
-0.749361
-0.747342
-0.741993
-0.769866
-0.750608
-0.757115
-0.780488
-0.827631
-0.7171
-0.747468
-0.766795
-0.681629
-0.766714
-0.775087
-0.765757
-0.794434
-0.743116
-0.778477
-0.793832
-0.663164
-0.564911
-0.685504
-0.720128
-0.73453
-0.701929
-0.814932
-0.785446
-0.686428
-0.67767
-0.745336
-0.777254
-0.804133
-0.807573
-0.767052
-0.788705
-0.791718
-0.777886
-0.815113
-0.792262
-0.800474
-0.809925
-0.712343
-0.746191
-0.792676
-0.827184
-0.82343
-0.823518
-0.847572
-0.796913
-0.765745
-0.867379
-0.837564
-0.816161
-0.833553
-0.801131
-0.745679
-0.812963
-0.783454
-0.886397
-0.882377
-0.779876
-0.812823
-0.812401
-0.85172
-0.817806
-0.799538
